initial: 6
0.00268 0.16319 0.05913 0.20316 0.00000 0.57184

transition: 6
0.15900 0.52547 0.31123 0.00039 0.00096 0.00296
0.14055 0.44909 0.25672 0.08937 0.00000 0.06427
0.55776 0.03655 0.03877 0.36426 0.00103 0.00164
0.19160 0.02048 0.01515 0.58315 0.00065 0.18896
0.00568 0.10812 0.00000 0.00000 0.53255 0.35364
0.39940 0.01262 0.00000 0.00000 0.33836 0.24962

observation: 6
0.45518 0.57110 0.16596 0.09526 0.01397 0.09496
0.00893 0.10359 0.54801 0.08760 0.09944 0.08198
0.00419 0.19458 0.21238 0.18966 0.11031 0.32415
0.53142 0.13059 0.06023 0.00000 0.02227 0.39411
0.00028 0.00014 0.01342 0.62748 0.00494 0.10480
0.00000 0.00000 0.00000 0.00000 0.74908 0.00000
