initial: 6
0.77251 0.00000 0.05984 0.16765 0.00000 0.00000

transition: 6
0.30320 0.18177 0.37388 0.00731 0.00039 0.13344
0.22667 0.37033 0.37271 0.03016 0.00001 0.00011
0.03246 0.58935 0.00674 0.35605 0.00096 0.01444
0.02620 0.18172 0.02511 0.56121 0.00066 0.20511
0.10477 0.00055 0.00000 0.00000 0.54396 0.35073
0.06409 0.36749 0.00001 0.00000 0.32601 0.24239

observation: 6
0.68558 0.43464 0.23881 0.07985 0.01325 0.09069
0.01757 0.06901 0.49112 0.07252 0.10883 0.07380
0.28386 0.01272 0.23876 0.18520 0.11712 0.29512
0.01147 0.48273 0.01082 0.00001 0.01635 0.43878
0.00152 0.00091 0.02049 0.66242 0.00826 0.10148
0.00000 0.00000 0.00000 0.00000 0.73619 0.00013
