initial: 6
0.71991 0.00280 0.09005 0.18725 0.00000 0.00000

transition: 6
0.29561 0.01207 0.50284 0.00104 0.00000 0.18845
0.20053 0.20267 0.59658 0.00013 0.00008 0.00001
0.00338 0.49749 0.19810 0.30091 0.00000 0.00013
0.00021 0.20205 0.00018 0.59746 0.00000 0.20009
0.10735 0.00000 0.00000 0.00000 0.50142 0.39123
0.00067 0.39443 0.00000 0.00000 0.30461 0.30029

observation: 6
0.69515 0.49721 0.30148 0.10005 0.00039 0.09782
0.00192 0.00151 0.39968 0.09917 0.10264 0.09718
0.30290 0.00034 0.20029 0.19603 0.09785 0.30210
0.00002 0.50094 0.09837 0.00000 0.00207 0.40382
0.00000 0.00000 0.00019 0.60475 0.00293 0.09908
0.00000 0.00000 0.00000 0.00000 0.79412 0.00000
