initial: 6
0.50776 0.49224 0.00000 0.00000 0.00000 0.00000

transition: 6
0.29166 0.50772 0.00701 0.19290 0.00000 0.00070
0.00119 0.50168 0.19875 0.00000 0.00000 0.29838
0.00205 0.00026 0.20320 0.78859 0.00001 0.00589
0.00013 0.00142 0.00447 0.28028 0.51357 0.20013
0.00000 0.00000 0.00000 0.00000 0.50079 0.49921
0.59902 0.00001 0.20659 0.19438 0.00000 0.00000

observation: 6
0.00010 0.29985 0.00183 0.10018 0.29869 0.09831
0.09988 0.39660 0.00000 0.10147 0.00000 0.10060
0.40448 0.19994 0.48980 0.29578 0.30233 0.00000
0.49554 0.10361 0.50636 0.40262 0.00000 0.00000
0.00000 0.00000 0.00201 0.09994 0.00000 0.80109
0.00000 0.00000 0.00000 0.00000 0.39898 0.00000
