initial: 6
0.75912 0.00000 0.06075 0.18013 0.00000 0.00000

transition: 6
0.30065 0.10113 0.43352 0.00841 0.00000 0.15629
0.22417 0.29342 0.46675 0.01563 0.00000 0.00003
0.01535 0.57444 0.06034 0.34701 0.00014 0.00273
0.00747 0.20778 0.00162 0.58743 0.00007 0.19562
0.10721 0.00003 0.00000 0.00000 0.51851 0.37426
0.01694 0.39353 0.00000 0.00000 0.31815 0.27138

observation: 6
0.67461 0.46868 0.26711 0.09363 0.00673 0.09453
0.01843 0.04149 0.44877 0.09245 0.10651 0.08241
0.30047 0.00487 0.21428 0.19429 0.09955 0.30800
0.00622 0.48488 0.06498 0.00000 0.01150 0.41387
0.00027 0.00008 0.00485 0.61964 0.00392 0.10119
0.00000 0.00000 0.00000 0.00000 0.77180 0.00000
