initial: 6
0.71845 0.00258 0.09149 0.18748 0.00000 0.00000

transition: 6
0.29579 0.00891 0.50555 0.00051 0.00000 0.18924
0.19924 0.20160 0.59881 0.00002 0.00032 0.00001
0.00278 0.49661 0.20049 0.30008 0.00000 0.00004
0.00005 0.20207 0.00036 0.59756 0.00000 0.19996
0.10739 0.00000 0.00000 0.00000 0.50058 0.39203
0.00030 0.39462 0.00000 0.00000 0.30416 0.30092

observation: 6
0.69574 0.49797 0.30219 0.10014 0.00010 0.09748
0.00135 0.00080 0.39863 0.09932 0.10275 0.09740
0.30290 0.00020 0.20038 0.19617 0.09776 0.30225
0.00000 0.50103 0.09869 0.00000 0.00122 0.40377
0.00000 0.00000 0.00011 0.60436 0.00291 0.09910
0.00000 0.00000 0.00000 0.00000 0.79526 0.00000
