initial: 6
0.71959 0.00052 0.09168 0.18820 0.00000 0.00000

transition: 6
0.30878 0.00120 0.49311 0.00025 0.00000 0.19666
0.00084 0.20076 0.79732 0.00107 0.00000 0.00000
0.00035 0.49948 0.20140 0.29878 0.00000 0.00000
0.00001 0.20166 0.00001 0.59774 0.00000 0.20058
0.10494 0.00000 0.00000 0.00000 0.49842 0.39663
0.00004 0.39478 0.00000 0.00000 0.30082 0.30436

observation: 6
0.99543 0.49849 0.29766 0.09828 0.00039 0.09894
0.00246 0.00012 0.40007 0.09972 0.10420 0.09740
0.00211 0.00207 0.20085 0.80199 0.09089 0.30899
0.00000 0.49926 0.10137 0.00000 0.00468 0.39579
0.00000 0.00006 0.00005 0.00000 0.00237 0.09887
0.00000 0.00000 0.00000 0.00000 0.79746 0.00000
