initial: 6
0.72899 0.00000 0.08622 0.18480 0.00000 0.00000

transition: 6
0.30864 0.02943 0.46161 0.00427 0.00000 0.19605
0.00102 0.26212 0.71761 0.01926 0.00000 0.00000
0.00351 0.53234 0.16000 0.30415 0.00000 0.00001
0.00322 0.20389 0.00003 0.59098 0.00002 0.20187
0.10546 0.00000 0.00000 0.00000 0.51656 0.37798
0.00163 0.40570 0.00000 0.00000 0.30805 0.28462

observation: 6
0.98964 0.49149 0.28584 0.09201 0.00529 0.09637
0.00357 0.00900 0.42550 0.09815 0.10512 0.09352
0.00420 0.00999 0.20811 0.80980 0.09230 0.31385
0.00260 0.48952 0.08055 0.00004 0.01998 0.39668
0.00000 0.00000 0.00000 0.00000 0.00595 0.09957
0.00000 0.00000 0.00000 0.00000 0.77136 0.00000
