initial: 6
0.00001 0.14899 0.06153 0.20914 0.00000 0.58033

transition: 6
0.17807 0.39765 0.42416 0.00008 0.00001 0.00005
0.14641 0.36666 0.30486 0.08557 0.00000 0.09650
0.52696 0.02006 0.12176 0.33121 0.00000 0.00000
0.19880 0.00811 0.00322 0.59626 0.00001 0.19361
0.00017 0.11016 0.00000 0.00000 0.51696 0.37270
0.40200 0.00222 0.00000 0.00000 0.31944 0.27634

observation: 6
0.47834 0.62772 0.20806 0.10144 0.00872 0.09481
0.00662 0.05626 0.50160 0.09516 0.09869 0.09223
0.00019 0.24525 0.18451 0.19549 0.10673 0.30903
0.51483 0.07073 0.10372 0.00000 0.01148 0.40030
0.00002 0.00004 0.00211 0.60791 0.00243 0.10363
0.00000 0.00000 0.00000 0.00000 0.77196 0.00000
