initial: 6
0.00001 0.14718 0.06278 0.20919 0.00000 0.58084

transition: 6
0.18069 0.38599 0.43321 0.00007 0.00000 0.00003
0.14498 0.35993 0.31224 0.08321 0.00000 0.09964
0.52476 0.01946 0.12625 0.32952 0.00000 0.00000
0.19910 0.00748 0.00301 0.59655 0.00001 0.19385
0.00013 0.10994 0.00000 0.00000 0.51614 0.37379
0.40190 0.00194 0.00000 0.00000 0.31852 0.27763

observation: 6
0.47966 0.63182 0.21334 0.10151 0.00837 0.09474
0.00639 0.05308 0.49580 0.09536 0.09877 0.09267
0.00016 0.24914 0.18448 0.19566 0.10638 0.30837
0.51377 0.06593 0.10447 0.00000 0.01096 0.40069
0.00002 0.00003 0.00191 0.60747 0.00235 0.10352
0.00000 0.00000 0.00000 0.00000 0.77317 0.00000
