initial: 6
0.71776 0.00246 0.09226 0.18753 0.00000 0.00000

transition: 6
0.29596 0.00742 0.50675 0.00024 0.00000 0.18962
0.19876 0.20106 0.59981 0.00000 0.00036 0.00001
0.00247 0.49608 0.20181 0.29963 0.00000 0.00001
0.00001 0.20181 0.00113 0.59722 0.00000 0.19983
0.10739 0.00000 0.00000 0.00000 0.50003 0.39258
0.00010 0.39435 0.00000 0.00000 0.30410 0.30145

observation: 6
0.69601 0.49831 0.30251 0.10010 0.00001 0.09742
0.00109 0.00039 0.39824 0.09916 0.10295 0.09732
0.30290 0.00011 0.20041 0.19624 0.09763 0.30224
0.00000 0.50120 0.09878 0.00000 0.00060 0.40391
0.00000 0.00000 0.00006 0.60450 0.00282 0.09911
0.00000 0.00000 0.00000 0.00000 0.79598 0.00000
