initial: 6
0.00000 0.10371 0.09625 0.21029 0.00000 0.58975

transition: 6
0.20269 0.20434 0.59294 0.00000 0.00002 0.00000
0.01374 0.28714 0.51072 0.00040 0.00000 0.18800
0.49570 0.00597 0.19599 0.30235 0.00000 0.00000
0.20038 0.00018 0.00107 0.59877 0.00000 0.19960
0.00000 0.10210 0.00000 0.00000 0.50277 0.39513
0.39785 0.00002 0.00000 0.00000 0.30309 0.29904

observation: 6
0.49510 0.69864 0.30163 0.10047 0.00002 0.09952
0.00184 0.00199 0.40016 0.09923 0.10300 0.09592
0.00000 0.29842 0.19998 0.19643 0.09855 0.30136
0.50305 0.00094 0.09808 0.00000 0.00346 0.40218
0.00000 0.00000 0.00016 0.60387 0.00206 0.10102
0.00000 0.00000 0.00000 0.00000 0.79291 0.00000
