initial: 6
0.50762 0.49238 0.00000 0.00000 0.00000 0.00000

transition: 6
0.29190 0.50803 0.00661 0.19306 0.00000 0.00040
0.00078 0.50191 0.19884 0.00000 0.00000 0.29847
0.00220 0.00020 0.20256 0.78873 0.00000 0.00631
0.00014 0.00112 0.00444 0.28146 0.51289 0.19995
0.00000 0.00000 0.00000 0.00000 0.50079 0.49921
0.59867 0.00000 0.20652 0.19481 0.00000 0.00000

observation: 6
0.00018 0.29980 0.00150 0.10012 0.29874 0.09836
0.09987 0.39658 0.00000 0.10145 0.00000 0.10062
0.40445 0.19996 0.49020 0.29586 0.30231 0.00000
0.49550 0.10366 0.50662 0.40262 0.00000 0.00000
0.00000 0.00000 0.00168 0.09995 0.00000 0.80102
0.00000 0.00000 0.00000 0.00000 0.39896 0.00000
