initial: 6
0.00000 0.10385 0.09615 0.21028 0.00000 0.58972

transition: 6
0.20272 0.20471 0.59256 0.00000 0.00001 0.00000
0.01462 0.28712 0.51006 0.00049 0.00000 0.18771
0.49570 0.00605 0.19577 0.30248 0.00000 0.00000
0.20037 0.00020 0.00108 0.59876 0.00000 0.19958
0.00000 0.10216 0.00000 0.00000 0.50284 0.39500
0.39787 0.00002 0.00000 0.00000 0.30316 0.29895

observation: 6
0.49505 0.69839 0.30148 0.10047 0.00003 0.09951
0.00188 0.00214 0.40035 0.09920 0.10297 0.09592
0.00000 0.29840 0.19993 0.19642 0.09859 0.30135
0.50307 0.00107 0.09807 0.00000 0.00353 0.40219
0.00000 0.00000 0.00017 0.60391 0.00206 0.10104
0.00000 0.00000 0.00000 0.00000 0.79281 0.00000
