initial: 6
0.00000 0.10290 0.09701 0.21028 0.00000 0.58981

transition: 6
0.20264 0.20178 0.59532 0.00000 0.00027 0.00000
0.00777 0.28737 0.51546 0.00003 0.00004 0.18934
0.49576 0.00542 0.19751 0.30131 0.00000 0.00000
0.20061 0.00003 0.00101 0.59883 0.00000 0.19952
0.00000 0.10174 0.00000 0.00000 0.50226 0.39600
0.39804 0.00001 0.00000 0.00000 0.30266 0.29930

observation: 6
0.49548 0.70045 0.30255 0.10048 0.00000 0.09916
0.00163 0.00089 0.39886 0.09939 0.10319 0.09594
0.00000 0.29849 0.20033 0.19648 0.09831 0.30168
0.50289 0.00018 0.09816 0.00000 0.00285 0.40219
0.00000 0.00000 0.00009 0.60365 0.00202 0.10104
0.00000 0.00000 0.00000 0.00000 0.79363 0.00000
