initial: 6
0.50761 0.49239 0.00000 0.00000 0.00000 0.00000

transition: 6
0.29191 0.50805 0.00658 0.19307 0.00000 0.00038
0.00074 0.50193 0.19884 0.00000 0.00000 0.29848
0.00223 0.00019 0.20252 0.78872 0.00000 0.00634
0.00014 0.00109 0.00444 0.28154 0.51285 0.19994
0.00000 0.00000 0.00000 0.00000 0.50079 0.49921
0.59865 0.00000 0.20651 0.19484 0.00000 0.00000

observation: 6
0.00018 0.29979 0.00148 0.10012 0.29874 0.09837
0.09987 0.39658 0.00000 0.10145 0.00000 0.10062
0.40444 0.19996 0.49023 0.29587 0.30230 0.00000
0.49550 0.10367 0.50664 0.40262 0.00000 0.00000
0.00000 0.00000 0.00165 0.09995 0.00000 0.80102
0.00000 0.00000 0.00000 0.00000 0.39896 0.00000
