initial: 6
0.50765 0.49235 0.00000 0.00000 0.00000 0.00000

transition: 6
0.29184 0.50796 0.00672 0.19300 0.00000 0.00047
0.00088 0.50185 0.19881 0.00000 0.00000 0.29845
0.00214 0.00021 0.20271 0.78872 0.00000 0.00621
0.00014 0.00120 0.00444 0.28120 0.51304 0.19999
0.00000 0.00000 0.00000 0.00000 0.50079 0.49921
0.59874 0.00000 0.20654 0.19471 0.00000 0.00000

observation: 6
0.00015 0.29981 0.00159 0.10013 0.29872 0.09835
0.09987 0.39659 0.00000 0.10146 0.00000 0.10062
0.40446 0.19995 0.49010 0.29584 0.30231 0.00000
0.49552 0.10365 0.50656 0.40262 0.00000 0.00000
0.00000 0.00000 0.00175 0.09995 0.00000 0.80104
0.00000 0.00000 0.00000 0.00000 0.39896 0.00000
