initial: 6
0.10456 0.07672 0.12113 0.17195 0.00000 0.52564

transition: 6
0.23436 0.52650 0.20675 0.00116 0.01449 0.01674
0.15230 0.49804 0.29002 0.04165 0.00011 0.01787
0.49680 0.05958 0.01879 0.39432 0.00602 0.02450
0.19975 0.04644 0.07879 0.50507 0.00471 0.16524
0.06423 0.07075 0.00016 0.00025 0.55451 0.31010
0.35380 0.04829 0.00027 0.00000 0.38677 0.21087

observation: 6
0.37094 0.56791 0.15798 0.08309 0.01495 0.09203
0.03165 0.13682 0.48927 0.02548 0.09531 0.08143
0.06513 0.13520 0.27630 0.15560 0.11069 0.36458
0.53088 0.15947 0.00813 0.00083 0.04461 0.36072
0.00139 0.00060 0.06832 0.73499 0.01532 0.10043
0.00000 0.00000 0.00000 0.00000 0.71911 0.00082
