initial: 6
0.48930 0.51070 0.00000 0.00000 0.00000 0.00000

transition: 6
0.24530 0.40241 0.02974 0.31567 0.00401 0.00286
0.01974 0.49524 0.21051 0.00293 0.00371 0.26787
0.03963 0.01204 0.17735 0.75918 0.00690 0.00490
0.00232 0.02034 0.01864 0.24496 0.52224 0.19151
0.00000 0.00004 0.00000 0.00000 0.50218 0.49778
0.81428 0.00058 0.01263 0.17225 0.00026 0.00000

observation: 6
0.00049 0.29841 0.01932 0.09678 0.29971 0.09496
0.07665 0.40419 0.00683 0.09586 0.00005 0.09712
0.42297 0.19586 0.44205 0.29643 0.30213 0.00000
0.49988 0.10151 0.44892 0.41017 0.00000 0.00000
0.00000 0.00002 0.08288 0.10076 0.00020 0.80792
0.00000 0.00000 0.00000 0.00000 0.39791 0.00000
