initial: 6
0.50766 0.49234 0.00000 0.00000 0.00000 0.00000

transition: 6
0.29183 0.50795 0.00674 0.19299 0.00000 0.00049
0.00090 0.50184 0.19881 0.00000 0.00000 0.29845
0.00213 0.00022 0.20274 0.78872 0.00000 0.00619
0.00014 0.00122 0.00444 0.28115 0.51307 0.19999
0.00000 0.00000 0.00000 0.00000 0.50079 0.49921
0.59875 0.00000 0.20655 0.19470 0.00000 0.00000

observation: 6
0.00015 0.29982 0.00160 0.10014 0.29872 0.09835
0.09988 0.39659 0.00000 0.10146 0.00000 0.10061
0.40446 0.19995 0.49008 0.29584 0.30231 0.00000
0.49552 0.10364 0.50655 0.40262 0.00000 0.00000
0.00000 0.00000 0.00177 0.09995 0.00000 0.80104
0.00000 0.00000 0.00000 0.00000 0.39896 0.00000
