initial: 6
0.71889 0.00266 0.09104 0.18742 0.00000 0.00000

transition: 6
0.29573 0.00982 0.50478 0.00067 0.00000 0.18900
0.19962 0.20188 0.59819 0.00004 0.00026 0.00001
0.00297 0.49685 0.19978 0.30032 0.00000 0.00007
0.00009 0.20208 0.00026 0.59756 0.00000 0.20001
0.10738 0.00000 0.00000 0.00000 0.50086 0.39176
0.00041 0.39460 0.00000 0.00000 0.30428 0.30071

observation: 6
0.69556 0.49774 0.30199 0.10012 0.00017 0.09759
0.00153 0.00101 0.39892 0.09929 0.10271 0.09735
0.30290 0.00024 0.20034 0.19613 0.09780 0.30221
0.00000 0.50100 0.09861 0.00000 0.00150 0.40377
0.00000 0.00000 0.00014 0.60446 0.00293 0.09909
0.00000 0.00000 0.00000 0.00000 0.79488 0.00000
