initial: 6
0.71963 0.00018 0.09227 0.18791 0.00000 0.00000

transition: 6
0.30848 0.00271 0.49112 0.00078 0.00000 0.19691
0.00070 0.20298 0.79348 0.00284 0.00000 0.00000
0.00075 0.50133 0.19924 0.29867 0.00000 0.00000
0.00013 0.20157 0.00001 0.59727 0.00000 0.20102
0.10489 0.00000 0.00000 0.00000 0.50081 0.39430
0.00014 0.39618 0.00000 0.00000 0.30108 0.30259

observation: 6
0.99560 0.49789 0.29752 0.09805 0.00099 0.09882
0.00222 0.00060 0.40141 0.09956 0.10434 0.09715
0.00218 0.00291 0.20030 0.80239 0.09124 0.30942
0.00000 0.49860 0.10077 0.00000 0.00678 0.39559
0.00000 0.00000 0.00000 0.00000 0.00283 0.09901
0.00000 0.00000 0.00000 0.00000 0.79381 0.00000
