initial: 6
0.50780 0.49220 0.00000 0.00000 0.00000 0.00000

transition: 6
0.29160 0.50764 0.00708 0.19290 0.00000 0.00077
0.00128 0.50163 0.19873 0.00000 0.00000 0.29836
0.00205 0.00027 0.20337 0.78851 0.00001 0.00580
0.00013 0.00148 0.00448 0.27996 0.51377 0.20018
0.00000 0.00000 0.00000 0.00000 0.50080 0.49920
0.59913 0.00001 0.20659 0.19427 0.00000 0.00000

observation: 6
0.00009 0.29986 0.00190 0.10020 0.29867 0.09830
0.09988 0.39660 0.00000 0.10147 0.00000 0.10060
0.40449 0.19993 0.48969 0.29577 0.30234 0.00000
0.49554 0.10360 0.50630 0.40263 0.00000 0.00000
0.00000 0.00000 0.00210 0.09994 0.00000 0.80110
0.00000 0.00000 0.00000 0.00000 0.39898 0.00000
