initial: 6
0.72162 0.00283 0.08862 0.18693 0.00000 0.00000

transition: 6
0.29550 0.01584 0.49986 0.00165 0.00000 0.18714
0.20178 0.20439 0.59347 0.00034 0.00002 0.00001
0.00394 0.49883 0.19525 0.30180 0.00000 0.00019
0.00042 0.20222 0.00015 0.59722 0.00000 0.19998
0.10741 0.00000 0.00000 0.00000 0.50215 0.39044
0.00109 0.39444 0.00000 0.00000 0.30519 0.29929

observation: 6
0.69449 0.49636 0.30053 0.09989 0.00078 0.09764
0.00248 0.00237 0.40099 0.09890 0.10256 0.09694
0.30285 0.00051 0.20032 0.19590 0.09784 0.30232
0.00017 0.50076 0.09788 0.00000 0.00281 0.40389
0.00001 0.00000 0.00028 0.60531 0.00286 0.09921
0.00000 0.00000 0.00000 0.00000 0.79315 0.00000
