initial: 6
0.71949 0.00048 0.09178 0.18825 0.00000 0.00000

transition: 6
0.30895 0.00050 0.49397 0.00002 0.00000 0.19656
0.00106 0.19980 0.79892 0.00021 0.00000 0.00000
0.00009 0.49880 0.20209 0.29902 0.00000 0.00000
0.00000 0.20165 0.00001 0.59795 0.00000 0.20039
0.10495 0.00000 0.00000 0.00000 0.49688 0.39817
0.00001 0.39387 0.00000 0.00000 0.30035 0.30578

observation: 6
0.99548 0.49879 0.29761 0.09845 0.00008 0.09896
0.00248 0.00001 0.39951 0.09978 0.10419 0.09749
0.00204 0.00164 0.20118 0.80176 0.09063 0.30870
0.00000 0.49948 0.10166 0.00000 0.00322 0.39596
0.00000 0.00009 0.00003 0.00000 0.00204 0.09890
0.00000 0.00000 0.00000 0.00000 0.79984 0.00000
