initial: 6
0.00000 0.11579 0.08730 0.20991 0.00000 0.58700

transition: 6
0.20203 0.23916 0.55880 0.00001 0.00000 0.00000
0.06752 0.29505 0.45634 0.01953 0.00000 0.16155
0.49991 0.01044 0.17912 0.31053 0.00000 0.00000
0.20057 0.00183 0.00156 0.59837 0.00000 0.19768
0.00000 0.10560 0.00000 0.00000 0.50662 0.38778
0.39928 0.00027 0.00000 0.00000 0.30763 0.29282

observation: 6
0.49141 0.68133 0.28605 0.10078 0.00247 0.09688
0.00364 0.01408 0.41800 0.09771 0.10127 0.09585
0.00002 0.29172 0.19557 0.19633 0.10091 0.30219
0.50493 0.01287 0.09985 0.00000 0.00588 0.40310
0.00000 0.00001 0.00053 0.60518 0.00201 0.10199
0.00000 0.00000 0.00000 0.00000 0.78747 0.00000
