initial: 6
0.84858 0.00000 0.00359 0.14784 0.00000 0.00000

transition: 6
0.24186 0.34844 0.29284 0.06391 0.00313 0.04982
0.11199 0.58378 0.27698 0.02710 0.00001 0.00014
0.19769 0.32549 0.03264 0.40548 0.00036 0.03833
0.08469 0.05357 0.01819 0.54714 0.02632 0.27008
0.11142 0.00146 0.00001 0.00007 0.68055 0.20649
0.15438 0.44766 0.01865 0.00004 0.26945 0.10981

observation: 6
0.88932 0.30713 0.17471 0.05831 0.03276 0.08492
0.03636 0.17409 0.47582 0.04725 0.12239 0.02764
0.05667 0.09310 0.30581 0.88695 0.15895 0.22735
0.01765 0.42568 0.04366 0.00749 0.07905 0.57470
0.00000 0.00000 0.00000 0.00000 0.03669 0.08532
0.00000 0.00000 0.00000 0.00000 0.57016 0.00007
