initial: 6
0.71971 0.00011 0.09236 0.18782 0.00000 0.00000

transition: 6
0.30841 0.00323 0.49052 0.00092 0.00000 0.19692
0.00066 0.20391 0.79208 0.00334 0.00000 0.00000
0.00084 0.50200 0.19850 0.29867 0.00000 0.00000
0.00019 0.20162 0.00001 0.59712 0.00000 0.20106
0.10488 0.00000 0.00000 0.00000 0.50138 0.39373
0.00017 0.39654 0.00000 0.00000 0.30129 0.30199

observation: 6
0.99559 0.49772 0.29742 0.09792 0.00115 0.09877
0.00219 0.00076 0.40185 0.09952 0.10436 0.09706
0.00221 0.00314 0.20024 0.80256 0.09129 0.30956
0.00001 0.49838 0.10049 0.00000 0.00728 0.39560
0.00000 0.00000 0.00000 0.00000 0.00295 0.09902
0.00000 0.00000 0.00000 0.00000 0.79297 0.00000
