initial: 6
0.78021 0.00000 0.05024 0.16955 0.00000 0.00000

transition: 6
0.24574 0.18894 0.40927 0.04300 0.00006 0.11298
0.04029 0.38858 0.53462 0.03650 0.00000 0.00000
0.07215 0.57311 0.02299 0.33051 0.00000 0.00124
0.04682 0.15325 0.00124 0.56902 0.00109 0.22857
0.10721 0.00004 0.00000 0.00000 0.60248 0.29027
0.04785 0.43674 0.00178 0.00000 0.32420 0.18943

observation: 6
0.94879 0.40784 0.24447 0.06844 0.02197 0.09040
0.01703 0.05503 0.48943 0.09109 0.11069 0.07190
0.02180 0.03930 0.24950 0.83900 0.11513 0.32721
0.01239 0.49784 0.01660 0.00147 0.07056 0.41641
0.00000 0.00000 0.00000 0.00000 0.02354 0.09408
0.00000 0.00000 0.00000 0.00000 0.65811 0.00000
