initial: 6
0.71961 0.00022 0.09221 0.18796 0.00000 0.00000

transition: 6
0.30851 0.00250 0.49137 0.00071 0.00000 0.19690
0.00073 0.20262 0.79403 0.00263 0.00000 0.00000
0.00072 0.50106 0.19954 0.29868 0.00000 0.00000
0.00011 0.20155 0.00001 0.59733 0.00000 0.20100
0.10489 0.00000 0.00000 0.00000 0.50056 0.39455
0.00013 0.39603 0.00000 0.00000 0.30101 0.30283

observation: 6
0.99559 0.49796 0.29756 0.09810 0.00093 0.09885
0.00224 0.00053 0.40123 0.09958 0.10433 0.09719
0.00217 0.00281 0.20033 0.80232 0.09122 0.30936
0.00000 0.49869 0.10088 0.00000 0.00656 0.39559
0.00000 0.00000 0.00000 0.00000 0.00278 0.09901
0.00000 0.00000 0.00000 0.00000 0.79418 0.00000
