initial: 6
0.99322 0.00664 0.00013 0.00000 0.00000 0.00000

transition: 6
0.40626 0.35629 0.10924 0.09124 0.02089 0.01608
0.07408 0.30593 0.38486 0.14073 0.05577 0.03864
0.03625 0.06498 0.30955 0.44927 0.08626 0.05369
0.01795 0.03649 0.06788 0.36292 0.42411 0.09065
0.06583 0.06495 0.04281 0.01384 0.30709 0.50548
0.35022 0.11314 0.06828 0.01652 0.06726 0.38457

observation: 6
0.24649 0.09495 0.03409 0.04592 0.02817 0.00701
0.19764 0.10464 0.05571 0.05827 0.02083 0.00855
0.53672 0.68178 0.58758 0.24268 0.11021 0.27019
0.00667 0.10631 0.29556 0.54382 0.10302 0.00483
0.00015 0.00305 0.01977 0.08697 0.04149 0.00108
0.01232 0.00927 0.00730 0.02234 0.69627 0.70833
