initial: 6
0.53827 0.17305 0.14540 0.13007 0.00800 0.00521

transition: 6
0.29689 0.31689 0.10318 0.09571 0.09678 0.09055
0.09413 0.30054 0.31399 0.09540 0.09979 0.09616
0.10902 0.10052 0.30516 0.31760 0.08716 0.08054
0.10852 0.10642 0.10119 0.31020 0.28775 0.08592
0.07399 0.07928 0.08450 0.08117 0.35650 0.32457
0.26171 0.08531 0.09426 0.09667 0.12419 0.33786

observation: 6
0.18594 0.25270 0.10018 0.10074 0.14157 0.10710
0.17981 0.19779 0.17704 0.13659 0.03736 0.03535
0.26929 0.22778 0.25427 0.30065 0.26648 0.25024
0.26112 0.17711 0.23582 0.29977 0.18445 0.18898
0.08602 0.11817 0.21441 0.13705 0.16677 0.26863
0.01782 0.02645 0.01828 0.02520 0.20337 0.14970
