initial: 6
0.71960 0.00050 0.09173 0.18817 0.00000 0.00000

transition: 6
0.30873 0.00143 0.49282 0.00034 0.00000 0.19669
0.00081 0.20107 0.79675 0.00137 0.00000 0.00000
0.00042 0.49974 0.20111 0.29872 0.00000 0.00000
0.00002 0.20163 0.00001 0.59766 0.00000 0.20068
0.10494 0.00000 0.00000 0.00000 0.49885 0.39622
0.00005 0.39505 0.00000 0.00000 0.30088 0.30402

observation: 6
0.99545 0.49842 0.29764 0.09823 0.00050 0.09893
0.00242 0.00018 0.40026 0.09969 0.10423 0.09740
0.00213 0.00221 0.20074 0.80207 0.09096 0.30907
0.00000 0.49917 0.10129 0.00000 0.00509 0.39570
0.00000 0.00002 0.00007 0.00000 0.00246 0.09891
0.00000 0.00000 0.00000 0.00000 0.79677 0.00000
