initial: 6
0.71916 0.00270 0.09076 0.18737 0.00000 0.00000

transition: 6
0.29570 0.01040 0.50427 0.00076 0.00000 0.18888
0.19987 0.20206 0.59779 0.00006 0.00020 0.00001
0.00309 0.49701 0.19934 0.30048 0.00000 0.00008
0.00012 0.20206 0.00023 0.59754 0.00000 0.20004
0.10737 0.00000 0.00000 0.00000 0.50102 0.39162
0.00048 0.39455 0.00000 0.00000 0.30436 0.30061

observation: 6
0.69545 0.49760 0.30186 0.10010 0.00022 0.09768
0.00164 0.00114 0.39911 0.09927 0.10269 0.09730
0.30290 0.00027 0.20032 0.19610 0.09782 0.30216
0.00001 0.50099 0.09856 0.00000 0.00167 0.40378
0.00000 0.00000 0.00015 0.60453 0.00294 0.09908
0.00000 0.00000 0.00000 0.00000 0.79467 0.00000
