initial: 6
0.72033 0.00283 0.08967 0.18717 0.00000 0.00000

transition: 6
0.29556 0.01304 0.50206 0.00119 0.00000 0.18814
0.20087 0.20308 0.59583 0.00017 0.00005 0.00001
0.00353 0.49780 0.19739 0.30114 0.00000 0.00014
0.00026 0.20208 0.00017 0.59741 0.00000 0.20008
0.10736 0.00000 0.00000 0.00000 0.50162 0.39102
0.00078 0.39441 0.00000 0.00000 0.30475 0.30005

observation: 6
0.69498 0.49699 0.30124 0.10001 0.00049 0.09782
0.00207 0.00173 0.40000 0.09911 0.10262 0.09712
0.30290 0.00038 0.20029 0.19599 0.09785 0.30213
0.00005 0.50090 0.09825 0.00000 0.00228 0.40384
0.00000 0.00000 0.00021 0.60489 0.00292 0.09910
0.00000 0.00000 0.00000 0.00000 0.79384 0.00000
