initial: 6
0.00000 0.10352 0.09639 0.21030 0.00000 0.58979

transition: 6
0.20266 0.20383 0.59347 0.00000 0.00004 0.00000
0.01249 0.28717 0.51167 0.00029 0.00001 0.18838
0.49569 0.00586 0.19630 0.30215 0.00000 0.00000
0.20040 0.00014 0.00105 0.59879 0.00000 0.19962
0.00000 0.10201 0.00000 0.00000 0.50267 0.39532
0.39784 0.00001 0.00000 0.00000 0.30299 0.29915

observation: 6
0.49518 0.69899 0.30184 0.10047 0.00001 0.09952
0.00180 0.00179 0.39989 0.09927 0.10304 0.09592
0.00000 0.29846 0.20004 0.19644 0.09850 0.30138
0.50302 0.00076 0.09809 0.00000 0.00335 0.40218
0.00000 0.00000 0.00015 0.60382 0.00206 0.10101
0.00000 0.00000 0.00000 0.00000 0.79305 0.00000
