initial: 6
0.00000 0.13622 0.07093 0.20942 0.00000 0.58344

transition: 6
0.19257 0.32375 0.48363 0.00004 0.00000 0.00001
0.12773 0.32807 0.36041 0.06418 0.00000 0.11961
0.51369 0.01635 0.14821 0.32175 0.00000 0.00000
0.20026 0.00469 0.00223 0.59766 0.00000 0.19516
0.00002 0.10858 0.00000 0.00000 0.51209 0.37931
0.40101 0.00095 0.00000 0.00000 0.31401 0.28403

observation: 6
0.48530 0.65260 0.24375 0.10150 0.00634 0.09483
0.00531 0.03704 0.46303 0.09628 0.09942 0.09451
0.00007 0.26891 0.18698 0.19622 0.10434 0.30532
0.50931 0.04143 0.10507 0.00000 0.00859 0.40239
0.00001 0.00002 0.00117 0.60601 0.00206 0.10294
0.00000 0.00000 0.00000 0.00000 0.77924 0.00000
