initial: 6
0.77758 0.00000 0.08058 0.14184 0.00000 0.00000

transition: 6
0.34921 0.29611 0.25426 0.00422 0.00451 0.09169
0.20799 0.53142 0.23477 0.02511 0.00007 0.00064
0.08485 0.38593 0.00481 0.45854 0.00295 0.06293
0.06758 0.14186 0.08098 0.47727 0.00299 0.22932
0.10611 0.00467 0.00000 0.00003 0.58812 0.30105
0.20932 0.25415 0.00011 0.00000 0.31329 0.22313

observation: 6
0.68085 0.36721 0.23611 0.05784 0.02377 0.06986
0.02216 0.16471 0.45900 0.00838 0.10757 0.06957
0.24929 0.04619 0.26100 0.15031 0.14776 0.25902
0.04447 0.41961 0.00723 0.00064 0.02052 0.50833
0.00323 0.00228 0.03666 0.78283 0.02031 0.08979
0.00000 0.00000 0.00000 0.00000 0.68008 0.00342
