initial: 6
0.00000 0.14170 0.06675 0.20931 0.00000 0.58224

transition: 6
0.18747 0.35311 0.45935 0.00005 0.00000 0.00001
0.13806 0.34223 0.33574 0.07455 0.00000 0.10942
0.51879 0.01786 0.13809 0.32525 0.00000 0.00000
0.19981 0.00590 0.00254 0.59722 0.00000 0.19453
0.00005 0.10926 0.00000 0.00000 0.51394 0.37675
0.40149 0.00133 0.00000 0.00000 0.31608 0.28109

observation: 6
0.48289 0.64298 0.22905 0.10157 0.00735 0.09469
0.00580 0.04449 0.47875 0.09587 0.09907 0.09374
0.00010 0.25984 0.18529 0.19602 0.10534 0.30667
0.51120 0.05267 0.10544 0.00000 0.00963 0.40168
0.00001 0.00003 0.00147 0.60654 0.00217 0.10322
0.00000 0.00000 0.00000 0.00000 0.77644 0.00000
