initial: 6
0.00000 0.10402 0.09603 0.21027 0.00000 0.58968

transition: 6
0.20275 0.20512 0.59212 0.00000 0.00001 0.00000
0.01562 0.28711 0.50930 0.00061 0.00000 0.18737
0.49572 0.00614 0.19552 0.30263 0.00000 0.00000
0.20036 0.00023 0.00109 0.59875 0.00000 0.19956
0.00000 0.10224 0.00000 0.00000 0.50292 0.39484
0.39790 0.00003 0.00000 0.00000 0.30324 0.29884

observation: 6
0.49498 0.69811 0.30131 0.10046 0.00005 0.09948
0.00192 0.00230 0.40057 0.09916 0.10294 0.09592
0.00000 0.29836 0.19988 0.19642 0.09863 0.30135
0.50310 0.00123 0.09806 0.00000 0.00361 0.40219
0.00000 0.00000 0.00018 0.60396 0.00207 0.10106
0.00000 0.00000 0.00000 0.00000 0.79270 0.00000
