initial: 6
0.00000 0.10453 0.09569 0.21023 0.00000 0.58955

transition: 6
0.20283 0.20640 0.59077 0.00000 0.00000 0.00000
0.01856 0.28712 0.50702 0.00100 0.00000 0.18630
0.49577 0.00640 0.19477 0.30306 0.00000 0.00000
0.20035 0.00033 0.00113 0.59871 0.00000 0.19948
0.00000 0.10245 0.00000 0.00000 0.50315 0.39440
0.39799 0.00004 0.00000 0.00000 0.30348 0.29850

observation: 6
0.49478 0.69727 0.30078 0.10046 0.00011 0.09938
0.00204 0.00280 0.40124 0.09906 0.10285 0.09593
0.00000 0.29822 0.19972 0.19640 0.09876 0.30136
0.50318 0.00171 0.09806 0.00000 0.00383 0.40222
0.00000 0.00000 0.00020 0.60409 0.00207 0.10112
0.00000 0.00000 0.00000 0.00000 0.79238 0.00000
