initial: 6
0.71959 0.00052 0.09169 0.18820 0.00000 0.00000

transition: 6
0.30878 0.00123 0.49308 0.00026 0.00000 0.19666
0.00084 0.20079 0.79726 0.00111 0.00000 0.00000
0.00036 0.49951 0.20137 0.29877 0.00000 0.00000
0.00001 0.20166 0.00001 0.59774 0.00000 0.20059
0.10494 0.00000 0.00000 0.00000 0.49847 0.39659
0.00004 0.39481 0.00000 0.00000 0.30083 0.30432

observation: 6
0.99543 0.49848 0.29766 0.09828 0.00041 0.09894
0.00245 0.00013 0.40009 0.09972 0.10421 0.09740
0.00211 0.00208 0.20083 0.80200 0.09089 0.30900
0.00000 0.49925 0.10136 0.00000 0.00473 0.39578
0.00000 0.00006 0.00005 0.00000 0.00238 0.09888
0.00000 0.00000 0.00000 0.00000 0.79738 0.00000
