initial: 6
0.71960 0.00034 0.09202 0.18803 0.00000 0.00000

transition: 6
0.30858 0.00203 0.49210 0.00056 0.00000 0.19674
0.00077 0.20193 0.79520 0.00210 0.00000 0.00000
0.00061 0.50050 0.20028 0.29861 0.00000 0.00000
0.00007 0.20165 0.00001 0.59747 0.00000 0.20080
0.10491 0.00000 0.00000 0.00000 0.49986 0.39523
0.00010 0.39566 0.00000 0.00000 0.30112 0.30312

observation: 6
0.99555 0.49814 0.29759 0.09808 0.00075 0.09887
0.00231 0.00037 0.40078 0.09963 0.10427 0.09729
0.00215 0.00257 0.20050 0.80229 0.09109 0.30928
0.00000 0.49891 0.10106 0.00000 0.00599 0.39564
0.00000 0.00000 0.00007 0.00000 0.00265 0.09893
0.00000 0.00000 0.00000 0.00000 0.79525 0.00000
