initial: 6
0.72662 0.00000 0.08791 0.18547 0.00000 0.00000

transition: 6
0.30856 0.02346 0.46799 0.00362 0.00000 0.19638
0.00087 0.24906 0.73366 0.01641 0.00000 0.00000
0.00289 0.52622 0.16812 0.30277 0.00000 0.00000
0.00249 0.20359 0.00002 0.59227 0.00001 0.20161
0.10529 0.00000 0.00000 0.00000 0.51357 0.38114
0.00125 0.40397 0.00000 0.00000 0.30668 0.28809

observation: 6
0.99128 0.49287 0.28868 0.09330 0.00454 0.09682
0.00311 0.00716 0.42024 0.09847 0.10495 0.09426
0.00370 0.00868 0.20575 0.80821 0.09192 0.31310
0.00191 0.49129 0.08532 0.00003 0.01762 0.39635
0.00000 0.00000 0.00000 0.00000 0.00535 0.09947
0.00000 0.00000 0.00000 0.00000 0.77562 0.00000
