initial: 6
0.49837 0.50163 0.00000 0.00000 0.00000 0.00000

transition: 6
0.28209 0.45218 0.00922 0.25415 0.00009 0.00227
0.00523 0.50375 0.19899 0.00011 0.00002 0.29190
0.00493 0.00110 0.21417 0.77643 0.00025 0.00313
0.00033 0.00500 0.00659 0.25322 0.52904 0.20582
0.00000 0.00000 0.00000 0.00000 0.50091 0.49909
0.68605 0.00013 0.12732 0.18650 0.00000 0.00000

observation: 6
0.00010 0.29841 0.00730 0.10117 0.29823 0.09747
0.08941 0.39805 0.00007 0.09991 0.00000 0.09975
0.41227 0.19888 0.48302 0.29573 0.30262 0.00000
0.49822 0.10465 0.49528 0.40358 0.00000 0.00000
0.00000 0.00000 0.01433 0.09962 0.00000 0.80277
0.00000 0.00000 0.00000 0.00000 0.39915 0.00000
