initial: 6
0.77321 0.00000 0.06646 0.16033 0.00000 0.00000

transition: 6
0.30921 0.20362 0.35612 0.00655 0.00084 0.12366
0.22935 0.38617 0.35476 0.02954 0.00001 0.00016
0.03780 0.57651 0.00461 0.35823 0.00133 0.02152
0.03289 0.17123 0.04316 0.54221 0.00103 0.20948
0.10394 0.00095 0.00000 0.00000 0.55234 0.34277
0.08621 0.34989 0.00002 0.00000 0.32748 0.23641

observation: 6
0.69274 0.42122 0.22900 0.07619 0.01557 0.08756
0.01713 0.08068 0.49629 0.05285 0.10782 0.07445
0.27540 0.01719 0.24369 0.17955 0.12438 0.28809
0.01271 0.47958 0.00665 0.00002 0.01734 0.44889
0.00201 0.00133 0.02438 0.69138 0.01025 0.10069
0.00000 0.00000 0.00000 0.00000 0.72464 0.00031
