initial: 6
0.71910 0.00269 0.09082 0.18738 0.00000 0.00000

transition: 6
0.29571 0.01027 0.50438 0.00074 0.00000 0.18890
0.19982 0.20202 0.59788 0.00005 0.00022 0.00001
0.00306 0.49698 0.19944 0.30044 0.00000 0.00008
0.00012 0.20207 0.00023 0.59755 0.00000 0.20004
0.10737 0.00000 0.00000 0.00000 0.50098 0.39165
0.00046 0.39457 0.00000 0.00000 0.30434 0.30063

observation: 6
0.69547 0.49763 0.30189 0.10011 0.00021 0.09766
0.00162 0.00111 0.39907 0.09927 0.10269 0.09731
0.30290 0.00026 0.20033 0.19611 0.09782 0.30217
0.00000 0.50099 0.09857 0.00000 0.00163 0.40378
0.00000 0.00000 0.00015 0.60451 0.00294 0.09908
0.00000 0.00000 0.00000 0.00000 0.79471 0.00000
