initial: 6
0.00043 0.16217 0.05497 0.20717 0.00000 0.57526

transition: 6
0.15743 0.49667 0.34456 0.00023 0.00022 0.00090
0.14328 0.42916 0.26138 0.09261 0.00000 0.07357
0.54991 0.02933 0.06593 0.35427 0.00028 0.00028
0.19478 0.01553 0.00799 0.59078 0.00020 0.19072
0.00204 0.11065 0.00000 0.00000 0.52634 0.36097
0.40122 0.00734 0.00000 0.00000 0.33040 0.26103

observation: 6
0.46260 0.58734 0.17305 0.09881 0.01207 0.09569
0.00857 0.09023 0.54038 0.09228 0.09855 0.08612
0.00141 0.20986 0.19643 0.19244 0.10937 0.31745
0.52730 0.11249 0.08339 0.00000 0.01791 0.39624
0.00013 0.00008 0.00675 0.61647 0.00374 0.10451
0.00000 0.00000 0.00000 0.00000 0.75837 0.00000
