initial: 6
0.00000 0.10250 0.09736 0.21030 0.00000 0.58984

transition: 6
0.20246 0.20082 0.59643 0.00000 0.00029 0.00000
0.00487 0.28756 0.51751 0.00001 0.00005 0.19000
0.49574 0.00527 0.19813 0.30086 0.00000 0.00000
0.20062 0.00001 0.00101 0.59882 0.00000 0.19953
0.00000 0.10153 0.00000 0.00000 0.50196 0.39651
0.39793 0.00001 0.00000 0.00000 0.30246 0.29961

observation: 6
0.49558 0.70126 0.30296 0.10047 0.00000 0.09916
0.00156 0.00033 0.39833 0.09947 0.10330 0.09590
0.00000 0.29840 0.20045 0.19648 0.09817 0.30171
0.50286 0.00001 0.09822 0.00000 0.00248 0.40223
0.00000 0.00000 0.00005 0.60358 0.00199 0.10100
0.00000 0.00000 0.00000 0.00000 0.79406 0.00000
