initial: 6
0.76680 0.00000 0.05660 0.17660 0.00000 0.00000

transition: 6
0.29904 0.13470 0.40804 0.00824 0.00003 0.14996
0.22210 0.33436 0.41876 0.02472 0.00000 0.00005
0.02209 0.59228 0.02329 0.35641 0.00037 0.00558
0.01375 0.20188 0.00550 0.58064 0.00020 0.19802
0.10641 0.00011 0.00000 0.00000 0.52792 0.36555
0.03056 0.38913 0.00000 0.00000 0.32138 0.25893

observation: 6
0.67370 0.45790 0.25518 0.08796 0.00888 0.09410
0.01942 0.05397 0.46906 0.08960 0.10830 0.07755
0.29755 0.00709 0.22587 0.19229 0.10503 0.30496
0.00870 0.48078 0.03993 0.00000 0.01388 0.42199
0.00062 0.00026 0.00996 0.63015 0.00533 0.10139
0.00000 0.00000 0.00000 0.00000 0.75858 0.00001
