initial: 6
0.00000 0.10391 0.09611 0.21028 0.00000 0.58971

transition: 6
0.20273 0.20484 0.59242 0.00000 0.00001 0.00000
0.01493 0.28712 0.50981 0.00053 0.00000 0.18760
0.49571 0.00608 0.19569 0.30252 0.00000 0.00000
0.20037 0.00021 0.00108 0.59876 0.00000 0.19958
0.00000 0.10219 0.00000 0.00000 0.50287 0.39495
0.39788 0.00002 0.00000 0.00000 0.30318 0.29891

observation: 6
0.49502 0.69830 0.30143 0.10047 0.00004 0.09950
0.00189 0.00219 0.40042 0.09919 0.10296 0.09592
0.00000 0.29838 0.19992 0.19642 0.09860 0.30135
0.50308 0.00112 0.09807 0.00000 0.00356 0.40219
0.00000 0.00000 0.00017 0.60393 0.00207 0.10104
0.00000 0.00000 0.00000 0.00000 0.79277 0.00000
