initial: 6
0.74336 0.00000 0.07535 0.18129 0.00000 0.00000

transition: 6
0.30655 0.06228 0.43127 0.00883 0.00000 0.19106
0.00247 0.32155 0.64583 0.03015 0.00000 0.00000
0.00852 0.55943 0.12064 0.31137 0.00000 0.00004
0.00825 0.20290 0.00008 0.58453 0.00006 0.20417
0.10654 0.00000 0.00000 0.00000 0.53379 0.35967
0.00486 0.41507 0.00001 0.00000 0.31510 0.26496

observation: 6
0.97899 0.48196 0.27211 0.08519 0.00905 0.09423
0.00725 0.01952 0.45002 0.09629 0.10638 0.08904
0.00749 0.01663 0.22130 0.81838 0.09601 0.31725
0.00627 0.48189 0.05656 0.00013 0.03208 0.39973
0.00000 0.00000 0.00000 0.00000 0.00948 0.09976
0.00000 0.00000 0.00000 0.00000 0.74700 0.00000
