initial: 6
0.74750 0.00000 0.07204 0.18047 0.00000 0.00000

transition: 6
0.30481 0.07141 0.42514 0.01047 0.00000 0.18817
0.00318 0.33369 0.63119 0.03195 0.00000 0.00000
0.01065 0.56512 0.11076 0.31342 0.00000 0.00005
0.01005 0.20183 0.00011 0.58296 0.00008 0.20497
0.10684 0.00000 0.00000 0.00000 0.53877 0.35439
0.00623 0.41753 0.00002 0.00000 0.31685 0.25938

observation: 6
0.97576 0.47858 0.26920 0.08345 0.01006 0.09366
0.00852 0.02256 0.45510 0.09585 0.10680 0.08764
0.00856 0.01834 0.22453 0.82053 0.09730 0.31813
0.00716 0.48052 0.05117 0.00017 0.03524 0.40088
0.00000 0.00000 0.00000 0.00000 0.01050 0.09969
0.00000 0.00000 0.00000 0.00000 0.74010 0.00000
