initial: 6
0.72470 0.00221 0.08672 0.18636 0.00000 0.00000

transition: 6
0.29568 0.02169 0.49522 0.00262 0.00000 0.18479
0.20379 0.20755 0.58786 0.00080 0.00000 0.00001
0.00468 0.50146 0.19023 0.30334 0.00000 0.00028
0.00076 0.20264 0.00015 0.59679 0.00000 0.19967
0.10755 0.00000 0.00000 0.00000 0.50309 0.38936
0.00173 0.39453 0.00000 0.00000 0.30612 0.29762

observation: 6
0.69331 0.49501 0.29886 0.09962 0.00136 0.09714
0.00337 0.00387 0.40328 0.09844 0.10248 0.09651
0.30257 0.00076 0.20050 0.19573 0.09773 0.30286
0.00073 0.50036 0.09695 0.00000 0.00372 0.40403
0.00001 0.00000 0.00041 0.60621 0.00274 0.09945
0.00000 0.00000 0.00000 0.00000 0.79197 0.00000
