initial: 6
0.71952 0.00050 0.09173 0.18825 0.00000 0.00000

transition: 6
0.30889 0.00072 0.49371 0.00007 0.00000 0.19660
0.00098 0.20007 0.79850 0.00045 0.00000 0.00000
0.00017 0.49897 0.20192 0.29894 0.00000 0.00000
0.00000 0.20164 0.00001 0.59789 0.00000 0.20045
0.10495 0.00000 0.00000 0.00000 0.49740 0.39765
0.00001 0.39417 0.00000 0.00000 0.30051 0.30532

observation: 6
0.99546 0.49870 0.29764 0.09841 0.00017 0.09896
0.00248 0.00002 0.39967 0.09977 0.10419 0.09746
0.00206 0.00176 0.20108 0.80182 0.09073 0.30880
0.00000 0.49943 0.10158 0.00000 0.00372 0.39590
0.00000 0.00009 0.00004 0.00000 0.00216 0.09888
0.00000 0.00000 0.00000 0.00000 0.79904 0.00000
