initial: 6
0.00000 0.10436 0.09580 0.21024 0.00000 0.58959

transition: 6
0.20280 0.20598 0.59121 0.00000 0.00000 0.00000
0.01761 0.28711 0.50776 0.00087 0.00000 0.18665
0.49575 0.00632 0.19501 0.30292 0.00000 0.00000
0.20035 0.00030 0.00112 0.59872 0.00000 0.19951
0.00000 0.10238 0.00000 0.00000 0.50308 0.39454
0.39796 0.00003 0.00000 0.00000 0.30340 0.29861

observation: 6
0.49484 0.69754 0.30095 0.10046 0.00009 0.09942
0.00200 0.00264 0.40102 0.09909 0.10288 0.09593
0.00000 0.29827 0.19978 0.19640 0.09872 0.30135
0.50316 0.00155 0.09806 0.00000 0.00376 0.40221
0.00000 0.00000 0.00019 0.60404 0.00207 0.10110
0.00000 0.00000 0.00000 0.00000 0.79248 0.00000
