initial: 6
0.72034 0.00002 0.09219 0.18745 0.00000 0.00000

transition: 6
0.30823 0.00592 0.48745 0.00148 0.00000 0.19691
0.00059 0.20929 0.78447 0.00564 0.00000 0.00000
0.00119 0.50549 0.19444 0.29889 0.00000 0.00000
0.00049 0.20192 0.00001 0.59640 0.00000 0.20118
0.10490 0.00000 0.00000 0.00000 0.50372 0.39138
0.00032 0.39802 0.00000 0.00000 0.30221 0.29946

observation: 6
0.99531 0.49692 0.29661 0.09726 0.00181 0.09846
0.00218 0.00164 0.40421 0.09933 0.10446 0.09662
0.00238 0.00414 0.20036 0.80340 0.09142 0.31019
0.00013 0.49731 0.09882 0.00001 0.00930 0.39568
0.00000 0.00000 0.00000 0.00000 0.00342 0.09906
0.00000 0.00000 0.00000 0.00000 0.78959 0.00000
