initial: 6
0.71929 0.00272 0.09064 0.18735 0.00000 0.00000

transition: 6
0.29568 0.01067 0.50403 0.00081 0.00000 0.18881
0.19999 0.20215 0.59761 0.00007 0.00018 0.00001
0.00314 0.49708 0.19914 0.30055 0.00000 0.00009
0.00014 0.20206 0.00022 0.59753 0.00000 0.20006
0.10736 0.00000 0.00000 0.00000 0.50109 0.39155
0.00051 0.39453 0.00000 0.00000 0.30440 0.30056

observation: 6
0.69540 0.49753 0.30180 0.10010 0.00025 0.09771
0.00169 0.00120 0.39920 0.09925 0.10268 0.09728
0.30290 0.00028 0.20031 0.19609 0.09783 0.30214
0.00001 0.50098 0.09853 0.00000 0.00174 0.40379
0.00000 0.00000 0.00016 0.60456 0.00294 0.09907
0.00000 0.00000 0.00000 0.00000 0.79457 0.00000
