initial: 6
0.00000 0.12922 0.07646 0.20958 0.00000 0.58474

transition: 6
0.19718 0.29075 0.51204 0.00003 0.00000 0.00000
0.11053 0.31393 0.39298 0.04931 0.00000 0.13326
0.50815 0.01438 0.15964 0.31783 0.00000 0.00000
0.20056 0.00352 0.00195 0.59802 0.00000 0.19596
0.00001 0.10771 0.00000 0.00000 0.51005 0.38223
0.40040 0.00063 0.00000 0.00000 0.31171 0.28726

observation: 6
0.48769 0.66330 0.26053 0.10129 0.00505 0.09526
0.00476 0.02856 0.44524 0.09675 0.09995 0.09519
0.00004 0.27844 0.18978 0.19633 0.10314 0.30396
0.50750 0.02968 0.10355 0.00000 0.00753 0.40297
0.00001 0.00002 0.00090 0.60563 0.00199 0.10262
0.00000 0.00000 0.00000 0.00000 0.78234 0.00000
