initial: 6
0.00000 0.10444 0.09575 0.21024 0.00000 0.58957

transition: 6
0.20281 0.20618 0.59100 0.00000 0.00000 0.00000
0.01807 0.28711 0.50740 0.00093 0.00000 0.18648
0.49576 0.00636 0.19490 0.30299 0.00000 0.00000
0.20035 0.00031 0.00113 0.59872 0.00000 0.19949
0.00000 0.10242 0.00000 0.00000 0.50311 0.39447
0.39797 0.00004 0.00000 0.00000 0.30344 0.29855

observation: 6
0.49481 0.69741 0.30087 0.10046 0.00010 0.09940
0.00202 0.00272 0.40113 0.09907 0.10287 0.09593
0.00000 0.29824 0.19975 0.19640 0.09874 0.30136
0.50317 0.00163 0.09806 0.00000 0.00380 0.40221
0.00000 0.00000 0.00020 0.60406 0.00207 0.10111
0.00000 0.00000 0.00000 0.00000 0.79243 0.00000
