initial: 6
0.73227 0.00000 0.08383 0.18390 0.00000 0.00000

transition: 6
0.30859 0.03737 0.45342 0.00520 0.00000 0.19542
0.00126 0.27853 0.69762 0.02259 0.00000 0.00000
0.00442 0.53985 0.14980 0.30592 0.00000 0.00001
0.00425 0.20405 0.00004 0.58933 0.00003 0.20230
0.10570 0.00000 0.00000 0.00000 0.52057 0.37373
0.00221 0.40797 0.00000 0.00000 0.30982 0.28000

observation: 6
0.98731 0.48953 0.28217 0.09032 0.00623 0.09583
0.00428 0.01146 0.43218 0.09771 0.10538 0.09252
0.00490 0.01166 0.21135 0.81192 0.09297 0.31475
0.00352 0.48735 0.07430 0.00005 0.02300 0.39722
0.00000 0.00000 0.00000 0.00000 0.00677 0.09968
0.00000 0.00000 0.00000 0.00000 0.76565 0.00000
