initial: 6
0.50757 0.49243 0.00000 0.00000 0.00000 0.00000

transition: 6
0.29197 0.50813 0.00646 0.19314 0.00000 0.00030
0.00063 0.50200 0.19887 0.00000 0.00000 0.29850
0.00233 0.00017 0.20236 0.78870 0.00000 0.00643
0.00015 0.00100 0.00444 0.28179 0.51271 0.19991
0.00000 0.00000 0.00000 0.00000 0.50079 0.49921
0.59859 0.00000 0.20649 0.19492 0.00000 0.00000

observation: 6
0.00021 0.29978 0.00139 0.10010 0.29875 0.09838
0.09987 0.39657 0.00000 0.10144 0.00000 0.10062
0.40443 0.19997 0.49032 0.29588 0.30230 0.00000
0.49549 0.10368 0.50671 0.40262 0.00000 0.00000
0.00000 0.00000 0.00158 0.09995 0.00000 0.80100
0.00000 0.00000 0.00000 0.00000 0.39895 0.00000
