initial: 6
0.00000 0.13986 0.06813 0.20934 0.00000 0.58266

transition: 6
0.18935 0.34291 0.46768 0.00005 0.00000 0.00001
0.13495 0.33713 0.34389 0.07124 0.00000 0.11279
0.51700 0.01736 0.14163 0.32402 0.00000 0.00000
0.19999 0.00546 0.00242 0.59738 0.00000 0.19474
0.00004 0.10903 0.00000 0.00000 0.51329 0.37764
0.40133 0.00119 0.00000 0.00000 0.31535 0.28212

observation: 6
0.48377 0.64634 0.23411 0.10156 0.00701 0.09472
0.00563 0.04189 0.47332 0.09602 0.09918 0.09403
0.00009 0.26305 0.18578 0.19610 0.10500 0.30618
0.51051 0.04868 0.10543 0.00000 0.00926 0.40195
0.00001 0.00003 0.00136 0.60633 0.00213 0.10312
0.00000 0.00000 0.00000 0.00000 0.77742 0.00000
