initial: 6
1.00000 0.00000 0.00000 0.00000 0.00000 0.00000

transition: 6
0.51862 0.18170 0.13604 0.16361 0.00002 0.00001
0.03441 0.50385 0.31986 0.14184 0.00002 0.00002
0.00390 0.02263 0.31122 0.59458 0.03616 0.03152
0.00012 0.00336 0.11526 0.42413 0.34172 0.11541
0.04832 0.43810 0.00034 0.00000 0.16011 0.35312
0.07685 0.43129 0.00028 0.00000 0.07798 0.41360

observation: 6
0.40784 0.05663 0.02429 0.09364 0.00423 0.00000
0.32986 0.07290 0.02436 0.09403 0.00548 0.00000
0.26141 0.87044 0.57830 0.26745 0.00630 0.00176
0.00089 0.00003 0.36885 0.44734 0.00011 0.00000
0.00000 0.00000 0.00421 0.09754 0.00034 0.00000
0.00000 0.00000 0.00000 0.00000 0.98354 0.99823
