initial: 6
0.71960 0.00051 0.09170 0.18818 0.00000 0.00000

transition: 6
0.30875 0.00134 0.49294 0.00030 0.00000 0.19667
0.00082 0.20094 0.79699 0.00125 0.00000 0.00000
0.00039 0.49963 0.20123 0.29874 0.00000 0.00000
0.00002 0.20164 0.00001 0.59769 0.00000 0.20064
0.10494 0.00000 0.00000 0.00000 0.49867 0.39639
0.00005 0.39494 0.00000 0.00000 0.30086 0.30416

observation: 6
0.99544 0.49845 0.29765 0.09825 0.00046 0.09893
0.00244 0.00016 0.40018 0.09971 0.10422 0.09740
0.00212 0.00215 0.20078 0.80204 0.09093 0.30904
0.00000 0.49921 0.10133 0.00000 0.00493 0.39574
0.00000 0.00004 0.00006 0.00000 0.00242 0.09889
0.00000 0.00000 0.00000 0.00000 0.79705 0.00000
