initial: 6
0.72000 0.00004 0.09235 0.18762 0.00000 0.00000

transition: 6
0.30829 0.00464 0.48892 0.00124 0.00000 0.19692
0.00061 0.20664 0.78816 0.00460 0.00000 0.00000
0.00104 0.50382 0.19640 0.29874 0.00000 0.00000
0.00035 0.20177 0.00001 0.59673 0.00000 0.20114
0.10489 0.00000 0.00000 0.00000 0.50270 0.39241
0.00025 0.39737 0.00000 0.00000 0.30179 0.30058

observation: 6
0.99548 0.49728 0.29704 0.09757 0.00152 0.09860
0.00217 0.00122 0.40307 0.09942 0.10442 0.09682
0.00230 0.00369 0.20024 0.80301 0.09137 0.30990
0.00006 0.49781 0.09966 0.00000 0.00842 0.39564
0.00000 0.00000 0.00000 0.00000 0.00321 0.09903
0.00000 0.00000 0.00000 0.00000 0.79106 0.00000
