initial: 6
0.00000 0.10281 0.09709 0.21028 0.00000 0.58981

transition: 6
0.20261 0.20153 0.59558 0.00000 0.00028 0.00000
0.00709 0.28741 0.51594 0.00002 0.00005 0.18949
0.49576 0.00537 0.19767 0.30120 0.00000 0.00000
0.20062 0.00002 0.00101 0.59883 0.00000 0.19952
0.00000 0.10169 0.00000 0.00000 0.50219 0.39612
0.39802 0.00001 0.00000 0.00000 0.30261 0.29936

observation: 6
0.49551 0.70065 0.30265 0.10048 0.00000 0.09914
0.00161 0.00075 0.39873 0.09941 0.10322 0.09593
0.00000 0.29848 0.20037 0.19648 0.09828 0.30169
0.50288 0.00012 0.09817 0.00000 0.00277 0.40220
0.00000 0.00000 0.00008 0.60363 0.00201 0.10103
0.00000 0.00000 0.00000 0.00000 0.79373 0.00000
