initial: 6
0.71946 0.00046 0.09181 0.18827 0.00000 0.00000

transition: 6
0.30899 0.00032 0.49415 0.00001 0.00000 0.19652
0.00112 0.19964 0.79917 0.00006 0.00000 0.00000
0.00003 0.49871 0.20217 0.29908 0.00000 0.00000
0.00000 0.20167 0.00001 0.59798 0.00000 0.20033
0.10495 0.00000 0.00000 0.00000 0.49645 0.39860
0.00001 0.39362 0.00000 0.00000 0.30022 0.30615

observation: 6
0.99551 0.49884 0.29758 0.09848 0.00002 0.09893
0.00247 0.00001 0.39942 0.09979 0.10420 0.09750
0.00202 0.00155 0.20125 0.80172 0.09054 0.30863
0.00000 0.49951 0.10172 0.00000 0.00279 0.39603
0.00000 0.00009 0.00003 0.00000 0.00195 0.09891
0.00000 0.00000 0.00000 0.00000 0.80051 0.00000
