initial: 6
0.71828 0.00255 0.09166 0.18750 0.00000 0.00000

transition: 6
0.29582 0.00855 0.50584 0.00045 0.00000 0.18934
0.19911 0.20148 0.59905 0.00001 0.00034 0.00001
0.00271 0.49650 0.20077 0.29999 0.00000 0.00003
0.00004 0.20205 0.00042 0.59754 0.00000 0.19995
0.10739 0.00000 0.00000 0.00000 0.50047 0.39215
0.00025 0.39460 0.00000 0.00000 0.30412 0.30103

observation: 6
0.69581 0.49806 0.30226 0.10015 0.00007 0.09746
0.00128 0.00071 0.39853 0.09933 0.10277 0.09741
0.30290 0.00018 0.20039 0.19619 0.09774 0.30225
0.00000 0.50105 0.09872 0.00000 0.00110 0.40378
0.00000 0.00000 0.00010 0.60433 0.00290 0.09910
0.00000 0.00000 0.00000 0.00000 0.79541 0.00000
