initial: 6
0.00000 0.10346 0.09644 0.21030 0.00000 0.58980

transition: 6
0.20265 0.20365 0.59365 0.00000 0.00005 0.00000
0.01205 0.28718 0.51201 0.00025 0.00001 0.18850
0.49569 0.00582 0.19640 0.30208 0.00000 0.00000
0.20041 0.00013 0.00105 0.59880 0.00000 0.19962
0.00000 0.10198 0.00000 0.00000 0.50264 0.39538
0.39784 0.00001 0.00000 0.00000 0.30296 0.29919

observation: 6
0.49521 0.69912 0.30191 0.10048 0.00001 0.09951
0.00178 0.00172 0.39979 0.09928 0.10305 0.09592
0.00000 0.29847 0.20007 0.19644 0.09848 0.30139
0.50301 0.00070 0.09809 0.00000 0.00331 0.40218
0.00000 0.00000 0.00014 0.60380 0.00206 0.10100
0.00000 0.00000 0.00000 0.00000 0.79310 0.00000
