initial: 6
0.72022 0.00283 0.08977 0.18719 0.00000 0.00000

transition: 6
0.29557 0.01278 0.50227 0.00115 0.00000 0.18823
0.20078 0.20296 0.59603 0.00016 0.00006 0.00001
0.00349 0.49772 0.19758 0.30107 0.00000 0.00014
0.00025 0.20207 0.00017 0.59742 0.00000 0.20009
0.10735 0.00000 0.00000 0.00000 0.50157 0.39108
0.00075 0.39442 0.00000 0.00000 0.30471 0.30012

observation: 6
0.69503 0.49705 0.30131 0.10002 0.00046 0.09782
0.00203 0.00167 0.39991 0.09913 0.10262 0.09714
0.30290 0.00037 0.20029 0.19600 0.09785 0.30212
0.00004 0.50091 0.09829 0.00000 0.00223 0.40383
0.00000 0.00000 0.00021 0.60485 0.00292 0.09909
0.00000 0.00000 0.00000 0.00000 0.79392 0.00000
