initial: 6
0.30399 0.04043 0.13962 0.25120 0.06212 0.20263

transition: 6
0.47669 0.44723 0.04818 0.00987 0.00706 0.01097
0.19218 0.51880 0.24467 0.03461 0.00319 0.00656
0.19717 0.10605 0.23517 0.41930 0.01819 0.02413
0.22093 0.08942 0.06936 0.50638 0.07467 0.03925
0.05092 0.02787 0.00702 0.00646 0.61861 0.28913
0.29816 0.06038 0.00998 0.00386 0.23564 0.39198

observation: 6
0.37701 0.50833 0.19490 0.05914 0.02683 0.07021
0.09798 0.17941 0.29819 0.04539 0.09368 0.06531
0.13661 0.11162 0.25311 0.17702 0.18215 0.25100
0.38649 0.19860 0.06575 0.04759 0.13983 0.28227
0.00190 0.00204 0.18804 0.67085 0.03675 0.02577
0.00001 0.00000 0.00000 0.00001 0.52076 0.30543
