initial: 6
0.48960 0.51040 0.00000 0.00000 0.00000 0.00000

transition: 6
0.27088 0.41559 0.01369 0.29720 0.00046 0.00217
0.00795 0.50520 0.20196 0.00038 0.00015 0.28437
0.00949 0.00269 0.21737 0.76637 0.00086 0.00322
0.00060 0.00812 0.00919 0.24453 0.53179 0.20577
0.00000 0.00000 0.00000 0.00000 0.50092 0.49908
0.76144 0.00023 0.05506 0.18327 0.00000 0.00000

observation: 6
0.00016 0.29714 0.01044 0.10193 0.29822 0.09711
0.08129 0.39976 0.00056 0.09916 0.00000 0.09928
0.41910 0.19803 0.47135 0.29582 0.30255 0.00000
0.49945 0.10508 0.48348 0.40357 0.00000 0.00000
0.00000 0.00000 0.03417 0.09953 0.00000 0.80361
0.00000 0.00000 0.00000 0.00000 0.39923 0.00000
