initial: 6
0.76168 0.00000 0.05913 0.17920 0.00000 0.00000

transition: 6
0.30015 0.11105 0.42602 0.00841 0.00000 0.15437
0.22375 0.30627 0.45164 0.01830 0.00000 0.00004
0.01723 0.58185 0.04595 0.35138 0.00019 0.00340
0.00907 0.20676 0.00235 0.58568 0.00010 0.19603
0.10699 0.00004 0.00000 0.00000 0.52116 0.37181
0.02038 0.39275 0.00000 0.00000 0.31921 0.26765

observation: 6
0.67354 0.46562 0.26337 0.09213 0.00732 0.09445
0.01911 0.04593 0.45461 0.09187 0.10710 0.08078
0.30010 0.00548 0.21754 0.19384 0.10091 0.30744
0.00690 0.48286 0.05842 0.00000 0.01228 0.41605
0.00035 0.00012 0.00606 0.62215 0.00430 0.10126
0.00000 0.00000 0.00000 0.00000 0.76810 0.00000
