initial: 6
0.72074 0.00001 0.09196 0.18730 0.00000 0.00000

transition: 6
0.30821 0.00727 0.48592 0.00170 0.00000 0.19689
0.00059 0.21221 0.78052 0.00668 0.00000 0.00000
0.00134 0.50722 0.19234 0.29910 0.00000 0.00000
0.00065 0.20208 0.00001 0.59605 0.00000 0.20121
0.10492 0.00000 0.00000 0.00000 0.50468 0.39040
0.00039 0.39862 0.00000 0.00000 0.30261 0.29838

observation: 6
0.99508 0.49656 0.29611 0.09693 0.00209 0.09831
0.00222 0.00207 0.40543 0.09926 0.10450 0.09641
0.00248 0.00457 0.20058 0.80380 0.09145 0.31047
0.00022 0.49680 0.09789 0.00001 0.01014 0.39572
0.00000 0.00000 0.00000 0.00000 0.00361 0.09909
0.00000 0.00000 0.00000 0.00000 0.78822 0.00000
