initial: 6
0.71935 0.00273 0.09057 0.18734 0.00000 0.00000

transition: 6
0.29567 0.01081 0.50390 0.00083 0.00000 0.18878
0.20005 0.20220 0.59750 0.00007 0.00017 0.00001
0.00316 0.49712 0.19903 0.30059 0.00000 0.00010
0.00014 0.20205 0.00021 0.59752 0.00000 0.20007
0.10736 0.00000 0.00000 0.00000 0.50112 0.39152
0.00053 0.39451 0.00000 0.00000 0.30442 0.30054

observation: 6
0.69537 0.49750 0.30177 0.10009 0.00026 0.09773
0.00172 0.00124 0.39925 0.09925 0.10267 0.09727
0.30290 0.00029 0.20031 0.19608 0.09783 0.30213
0.00001 0.50098 0.09851 0.00000 0.00177 0.40379
0.00000 0.00000 0.00016 0.60458 0.00294 0.09907
0.00000 0.00000 0.00000 0.00000 0.79452 0.00000
