initial: 6
0.71973 0.00278 0.09021 0.18728 0.00000 0.00000

transition: 6
0.29563 0.01166 0.50317 0.00097 0.00000 0.18856
0.20038 0.20251 0.59689 0.00011 0.00010 0.00001
0.00331 0.49737 0.19840 0.30081 0.00000 0.00012
0.00019 0.20205 0.00019 0.59748 0.00000 0.20009
0.10735 0.00000 0.00000 0.00000 0.50133 0.39132
0.00063 0.39445 0.00000 0.00000 0.30454 0.30038

observation: 6
0.69522 0.49730 0.30157 0.10006 0.00035 0.09781
0.00186 0.00142 0.39954 0.09920 0.10265 0.09721
0.30290 0.00032 0.20029 0.19605 0.09784 0.30210
0.00002 0.50095 0.09842 0.00000 0.00198 0.40381
0.00000 0.00000 0.00018 0.60469 0.00294 0.09907
0.00000 0.00000 0.00000 0.00000 0.79424 0.00000
