initial: 6
0.50790 0.49210 0.00000 0.00000 0.00000 0.00000

transition: 6
0.29139 0.50717 0.00730 0.19309 0.00000 0.00105
0.00164 0.50143 0.19869 0.00000 0.00000 0.29823
0.00208 0.00032 0.20416 0.78800 0.00002 0.00542
0.00013 0.00171 0.00456 0.27847 0.51468 0.20044
0.00000 0.00000 0.00000 0.00000 0.50081 0.49919
0.59976 0.00001 0.20647 0.19376 0.00000 0.00000

observation: 6
0.00006 0.29990 0.00219 0.10026 0.29862 0.09824
0.09985 0.39660 0.00000 0.10148 0.00000 0.10057
0.40453 0.19992 0.48927 0.29569 0.30237 0.00000
0.49555 0.10358 0.50605 0.40264 0.00000 0.00000
0.00000 0.00000 0.00249 0.09994 0.00000 0.80118
0.00000 0.00000 0.00000 0.00000 0.39900 0.00000
