initial: 6
0.00000 0.10530 0.09517 0.21019 0.00000 0.58935

transition: 6
0.20291 0.20834 0.58874 0.00000 0.00000 0.00000
0.02275 0.28724 0.50363 0.00172 0.00000 0.18466
0.49590 0.00677 0.19366 0.30368 0.00000 0.00000
0.20035 0.00046 0.00118 0.59866 0.00000 0.19935
0.00000 0.10276 0.00000 0.00000 0.50347 0.39377
0.39812 0.00006 0.00000 0.00000 0.30383 0.29800

observation: 6
0.49450 0.69603 0.29996 0.10046 0.00023 0.09920
0.00220 0.00355 0.40225 0.09891 0.10272 0.09594
0.00000 0.29796 0.19948 0.19638 0.09894 0.30139
0.50330 0.00245 0.09807 0.00000 0.00410 0.40227
0.00000 0.00000 0.00024 0.60425 0.00208 0.10120
0.00000 0.00000 0.00000 0.00000 0.79193 0.00000
