initial: 6
0.72015 0.00002 0.09229 0.18754 0.00000 0.00000

transition: 6
0.30826 0.00522 0.48825 0.00135 0.00000 0.19692
0.00060 0.20783 0.78650 0.00508 0.00000 0.00000
0.00111 0.50458 0.19552 0.29880 0.00000 0.00000
0.00041 0.20184 0.00001 0.59658 0.00000 0.20116
0.10489 0.00000 0.00000 0.00000 0.50318 0.39193
0.00028 0.39768 0.00000 0.00000 0.30198 0.30006

observation: 6
0.99541 0.49711 0.29686 0.09743 0.00165 0.09854
0.00217 0.00141 0.40358 0.09938 0.10444 0.09673
0.00234 0.00390 0.20028 0.80319 0.09140 0.31003
0.00008 0.49758 0.09928 0.00000 0.00883 0.39566
0.00000 0.00000 0.00000 0.00000 0.00331 0.09905
0.00000 0.00000 0.00000 0.00000 0.79037 0.00000
