initial: 6
0.83931 0.01290 0.01102 0.13677 0.00000 0.00000

transition: 6
0.39486 0.44087 0.08652 0.05738 0.00428 0.01610
0.15856 0.50969 0.26846 0.05143 0.00196 0.00991
0.15828 0.15036 0.32650 0.32580 0.00714 0.03192
0.10713 0.09434 0.10076 0.53984 0.07671 0.08121
0.06242 0.02396 0.00650 0.00555 0.72180 0.17977
0.44221 0.11324 0.02738 0.01095 0.14734 0.25887

observation: 6
0.64598 0.34002 0.17753 0.06785 0.03400 0.11666
0.10997 0.26123 0.22023 0.05085 0.09398 0.06245
0.06759 0.08524 0.41390 0.80226 0.15719 0.14037
0.17574 0.31339 0.18826 0.07693 0.12986 0.51129
0.00072 0.00012 0.00009 0.00211 0.05318 0.09998
0.00000 0.00000 0.00000 0.00000 0.53178 0.06924
