initial: 6
0.00000 0.10906 0.09251 0.21005 0.00000 0.58838

transition: 6
0.20296 0.21843 0.57860 0.00001 0.00000 0.00000
0.04068 0.28903 0.48706 0.00677 0.00000 0.17645
0.49696 0.00826 0.18839 0.30639 0.00000 0.00000
0.20040 0.00102 0.00135 0.59851 0.00000 0.19871
0.00000 0.10400 0.00000 0.00000 0.50478 0.39122
0.39863 0.00014 0.00000 0.00000 0.30535 0.29588

observation: 6
0.49328 0.69043 0.29559 0.10053 0.00104 0.09824
0.00285 0.00727 0.40740 0.09837 0.10213 0.09595
0.00001 0.29622 0.19820 0.19632 0.09971 0.30161
0.50386 0.00608 0.09845 0.00000 0.00495 0.40264
0.00000 0.00000 0.00036 0.60478 0.00206 0.10155
0.00000 0.00000 0.00000 0.00000 0.79011 0.00000
