initial: 6
0.79815 0.15236 0.01825 0.03122 0.00001 0.00001

transition: 6
0.27902 0.39943 0.10563 0.08205 0.07811 0.05576
0.07457 0.31375 0.38711 0.06993 0.07307 0.08156
0.13753 0.07530 0.26953 0.44291 0.04477 0.02995
0.09755 0.11217 0.08647 0.30487 0.34768 0.05126
0.01407 0.03522 0.06211 0.01752 0.46009 0.41098
0.37790 0.05101 0.10712 0.18110 0.08704 0.19583

observation: 6
0.08922 0.30642 0.05069 0.04945 0.27929 0.09164
0.19742 0.30821 0.15818 0.07542 0.00890 0.01324
0.31917 0.20017 0.22687 0.35342 0.25161 0.20148
0.37376 0.11369 0.23581 0.46623 0.05480 0.08246
0.02012 0.06869 0.32791 0.05399 0.05241 0.55967
0.00032 0.00282 0.00054 0.00148 0.35299 0.05151
