initial: 6
0.71957 0.00052 0.09168 0.18822 0.00000 0.00000

transition: 6
0.30882 0.00103 0.49332 0.00018 0.00000 0.19665
0.00088 0.20052 0.79775 0.00085 0.00000 0.00000
0.00029 0.49929 0.20160 0.29883 0.00000 0.00000
0.00001 0.20166 0.00001 0.59780 0.00000 0.20053
0.10495 0.00000 0.00000 0.00000 0.49808 0.39697
0.00003 0.39457 0.00000 0.00000 0.30072 0.30468

observation: 6
0.99543 0.49856 0.29766 0.09833 0.00031 0.09895
0.00247 0.00008 0.39993 0.09974 0.10420 0.09742
0.00210 0.00196 0.20093 0.80192 0.09084 0.30893
0.00000 0.49932 0.10144 0.00000 0.00436 0.39584
0.00000 0.00008 0.00004 0.00000 0.00231 0.09887
0.00000 0.00000 0.00000 0.00000 0.79799 0.00000
