initial: 6
0.72046 0.00284 0.08956 0.18714 0.00000 0.00000

transition: 6
0.29555 0.01332 0.50184 0.00124 0.00000 0.18805
0.20096 0.20320 0.59560 0.00019 0.00004 0.00001
0.00357 0.49790 0.19718 0.30120 0.00000 0.00015
0.00028 0.20209 0.00016 0.59739 0.00000 0.20008
0.10736 0.00000 0.00000 0.00000 0.50168 0.39096
0.00081 0.39441 0.00000 0.00000 0.30480 0.29998

observation: 6
0.69494 0.49692 0.30118 0.10000 0.00052 0.09781
0.00211 0.00179 0.40010 0.09909 0.10261 0.09710
0.30290 0.00040 0.20029 0.19598 0.09785 0.30214
0.00006 0.50089 0.09822 0.00000 0.00234 0.40384
0.00000 0.00000 0.00022 0.60493 0.00291 0.09911
0.00000 0.00000 0.00000 0.00000 0.79377 0.00000
