initial: 6
0.50770 0.49230 0.00000 0.00000 0.00000 0.00000

transition: 6
0.29177 0.50787 0.00685 0.19295 0.00000 0.00057
0.00101 0.50178 0.19878 0.00000 0.00000 0.29843
0.00209 0.00023 0.20290 0.78869 0.00000 0.00608
0.00013 0.00129 0.00445 0.28085 0.51324 0.20004
0.00000 0.00000 0.00000 0.00000 0.50079 0.49921
0.59884 0.00000 0.20657 0.19459 0.00000 0.00000

observation: 6
0.00013 0.29983 0.00169 0.10015 0.29871 0.09833
0.09988 0.39659 0.00000 0.10146 0.00000 0.10061
0.40447 0.19995 0.48998 0.29582 0.30232 0.00000
0.49553 0.10363 0.50648 0.40262 0.00000 0.00000
0.00000 0.00000 0.00185 0.09994 0.00000 0.80105
0.00000 0.00000 0.00000 0.00000 0.39897 0.00000
