initial: 6
0.71949 0.00275 0.09044 0.18732 0.00000 0.00000

transition: 6
0.29566 0.01113 0.50363 0.00088 0.00000 0.18870
0.20018 0.20231 0.59728 0.00009 0.00014 0.00001
0.00322 0.49721 0.19880 0.30067 0.00000 0.00010
0.00016 0.20205 0.00020 0.59751 0.00000 0.20008
0.10735 0.00000 0.00000 0.00000 0.50120 0.39144
0.00056 0.39449 0.00000 0.00000 0.30446 0.30048

observation: 6
0.69531 0.49742 0.30170 0.10008 0.00029 0.09777
0.00177 0.00130 0.39936 0.09923 0.10267 0.09725
0.30290 0.00030 0.20030 0.19607 0.09784 0.30212
0.00001 0.50097 0.09848 0.00000 0.00185 0.40380
0.00000 0.00000 0.00017 0.60462 0.00294 0.09907
0.00000 0.00000 0.00000 0.00000 0.79441 0.00000
