initial: 6
0.72262 0.00000 0.09071 0.18667 0.00000 0.00000

transition: 6
0.30828 0.01283 0.47968 0.00244 0.00000 0.19677
0.00066 0.22481 0.76408 0.01045 0.00000 0.00000
0.00188 0.51415 0.18371 0.30025 0.00000 0.00000
0.00128 0.20270 0.00002 0.59469 0.00000 0.20131
0.10502 0.00000 0.00000 0.00000 0.50805 0.38693
0.00067 0.40069 0.00000 0.00000 0.30412 0.29452

observation: 6
0.99392 0.49523 0.29371 0.09565 0.00306 0.09774
0.00245 0.00385 0.41055 0.09898 0.10466 0.09562
0.00289 0.00614 0.20200 0.80536 0.09154 0.31150
0.00074 0.49478 0.09375 0.00001 0.01304 0.39590
0.00000 0.00000 0.00000 0.00000 0.00426 0.09923
0.00000 0.00000 0.00000 0.00000 0.78345 0.00000
