initial: 6
0.52104 0.47896 0.00000 0.00000 0.00000 0.00000

transition: 6
0.21900 0.43657 0.04719 0.27634 0.01314 0.00776
0.03602 0.44898 0.23626 0.01686 0.03214 0.22973
0.10516 0.03047 0.14342 0.67468 0.03865 0.00762
0.00877 0.04758 0.03418 0.28837 0.48530 0.13581
0.00000 0.00126 0.00020 0.00000 0.50779 0.49075
0.82205 0.00115 0.00954 0.16312 0.00413 0.00000

observation: 6
0.00227 0.30849 0.05322 0.05058 0.30995 0.09372
0.07872 0.41286 0.05328 0.07177 0.00067 0.09370
0.42711 0.18022 0.36161 0.31417 0.30355 0.00004
0.49190 0.09730 0.31822 0.46713 0.00019 0.00000
0.00000 0.00112 0.21367 0.09635 0.00254 0.81254
0.00000 0.00000 0.00000 0.00000 0.38311 0.00000
