initial: 6
0.72420 0.00237 0.08697 0.18646 0.00000 0.00000

transition: 6
0.29563 0.02080 0.49593 0.00247 0.00000 0.18516
0.20347 0.20704 0.58876 0.00072 0.00001 0.00001
0.00458 0.50102 0.19104 0.30309 0.00000 0.00027
0.00071 0.20257 0.00015 0.59686 0.00000 0.19972
0.10753 0.00000 0.00000 0.00000 0.50296 0.38951
0.00163 0.39452 0.00000 0.00000 0.30598 0.29787

observation: 6
0.69350 0.49522 0.29913 0.09966 0.00128 0.09722
0.00323 0.00363 0.40291 0.09851 0.10249 0.09658
0.30263 0.00072 0.20047 0.19575 0.09775 0.30277
0.00062 0.50043 0.09710 0.00000 0.00359 0.40401
0.00001 0.00000 0.00039 0.60607 0.00276 0.09942
0.00000 0.00000 0.00000 0.00000 0.79213 0.00000
