initial: 6
0.75399 0.00000 0.06454 0.18147 0.00000 0.00000

transition: 6
0.30085 0.08444 0.44594 0.00824 0.00000 0.16053
0.22307 0.27156 0.49388 0.01147 0.00000 0.00002
0.01244 0.55802 0.09074 0.33690 0.00007 0.00183
0.00528 0.20825 0.00087 0.58999 0.00003 0.19558
0.10756 0.00001 0.00000 0.00000 0.51423 0.37821
0.01204 0.39423 0.00000 0.00000 0.31606 0.27767

observation: 6
0.67773 0.47449 0.27376 0.09557 0.00573 0.09463
0.01625 0.03251 0.43890 0.09336 0.10535 0.08570
0.30065 0.00387 0.20957 0.19479 0.09785 0.30821
0.00520 0.48909 0.07448 0.00000 0.01006 0.41051
0.00018 0.00004 0.00329 0.61628 0.00336 0.10096
0.00000 0.00000 0.00000 0.00000 0.77765 0.00000
