initial: 6
0.50745 0.49255 0.00000 0.00000 0.00000 0.00000

transition: 6
0.29195 0.50851 0.00611 0.19336 0.00000 0.00006
0.00018 0.50227 0.19902 0.00000 0.00000 0.29853
0.00333 0.00009 0.20146 0.78842 0.00000 0.00670
0.00020 0.00048 0.00445 0.28272 0.51230 0.19985
0.00000 0.00000 0.00000 0.00000 0.50078 0.49922
0.59836 0.00000 0.20644 0.19520 0.00000 0.00000

observation: 6
0.00030 0.29972 0.00106 0.10009 0.29879 0.09842
0.09989 0.39653 0.00000 0.10141 0.00000 0.10061
0.40437 0.19999 0.49066 0.29595 0.30228 0.00000
0.49544 0.10376 0.50692 0.40260 0.00000 0.00000
0.00000 0.00000 0.00137 0.09995 0.00000 0.80097
0.00000 0.00000 0.00000 0.00000 0.39894 0.00000
