initial: 6
0.71899 0.00267 0.09093 0.18740 0.00000 0.00000

transition: 6
0.29572 0.01004 0.50459 0.00070 0.00000 0.18896
0.19971 0.20195 0.59804 0.00005 0.00024 0.00001
0.00302 0.49691 0.19962 0.30038 0.00000 0.00007
0.00010 0.20207 0.00025 0.59755 0.00000 0.20002
0.10737 0.00000 0.00000 0.00000 0.50092 0.39171
0.00044 0.39459 0.00000 0.00000 0.30431 0.30067

observation: 6
0.69552 0.49769 0.30194 0.10011 0.00019 0.09762
0.00158 0.00106 0.39899 0.09928 0.10270 0.09733
0.30290 0.00025 0.20034 0.19612 0.09781 0.30219
0.00000 0.50100 0.09859 0.00000 0.00157 0.40378
0.00000 0.00000 0.00014 0.60448 0.00294 0.09908
0.00000 0.00000 0.00000 0.00000 0.79480 0.00000
