initial: 6
0.73639 0.00005 0.07929 0.18427 0.00000 0.00000

transition: 6
0.29742 0.04357 0.47738 0.00572 0.00000 0.17591
0.21124 0.22481 0.56045 0.00349 0.00000 0.00001
0.00705 0.51605 0.16461 0.31167 0.00000 0.00062
0.00197 0.20486 0.00024 0.59483 0.00000 0.19811
0.10790 0.00000 0.00000 0.00000 0.50610 0.38600
0.00430 0.39458 0.00000 0.00000 0.30959 0.29152

observation: 6
0.68811 0.48937 0.29100 0.09843 0.00313 0.09563
0.00758 0.01118 0.41410 0.09659 0.10273 0.09399
0.30160 0.00173 0.20234 0.19534 0.09702 0.30525
0.00265 0.49771 0.09149 0.00000 0.00620 0.40510
0.00005 0.00001 0.00107 0.60964 0.00262 0.10004
0.00000 0.00000 0.00000 0.00000 0.78829 0.00000
