initial: 6
0.74194 0.00001 0.07460 0.18345 0.00000 0.00000

transition: 6
0.29860 0.05513 0.46816 0.00686 0.00000 0.17125
0.21518 0.23647 0.54294 0.00540 0.00000 0.00001
0.00835 0.52639 0.14669 0.31770 0.00001 0.00085
0.00270 0.20614 0.00033 0.59362 0.00001 0.19721
0.10792 0.00000 0.00000 0.00000 0.50796 0.38412
0.00598 0.39455 0.00000 0.00000 0.31147 0.28800

observation: 6
0.68515 0.48563 0.28626 0.09774 0.00391 0.09513
0.01013 0.01630 0.42085 0.09559 0.10325 0.09200
0.30123 0.00228 0.20385 0.19520 0.09683 0.30643
0.00341 0.49578 0.08751 0.00000 0.00733 0.40614
0.00008 0.00001 0.00153 0.61147 0.00272 0.10030
0.00000 0.00000 0.00000 0.00000 0.78595 0.00000
