initial: 6
0.00000 0.10653 0.09432 0.21013 0.00000 0.58901

transition: 6
0.20299 0.21154 0.58546 0.00000 0.00000 0.00000
0.02902 0.28764 0.49822 0.00313 0.00000 0.18199
0.49617 0.00731 0.19190 0.30462 0.00000 0.00000
0.20036 0.00067 0.00125 0.59859 0.00000 0.19914
0.00000 0.10321 0.00000 0.00000 0.50394 0.39285
0.39831 0.00008 0.00000 0.00000 0.30436 0.29725

observation: 6
0.49407 0.69412 0.29860 0.10047 0.00048 0.09887
0.00244 0.00476 0.40389 0.09871 0.10251 0.09595
0.00001 0.29747 0.19908 0.19635 0.09921 0.30145
0.50348 0.00364 0.09815 0.00000 0.00444 0.40239
0.00000 0.00000 0.00028 0.60447 0.00208 0.10133
0.00000 0.00000 0.00000 0.00000 0.79128 0.00000
