initial: 6
0.71758 0.00241 0.09260 0.18741 0.00000 0.00000

transition: 6
0.29606 0.00706 0.50717 0.00014 0.00000 0.18958
0.19871 0.20084 0.60006 0.00000 0.00038 0.00001
0.00240 0.49571 0.20259 0.29930 0.00000 0.00001
0.00001 0.20140 0.00250 0.59650 0.00000 0.19960
0.10743 0.00000 0.00000 0.00000 0.49973 0.39284
0.00003 0.39395 0.00000 0.00000 0.30434 0.30168

observation: 6
0.69605 0.49833 0.30262 0.09992 0.00001 0.09735
0.00107 0.00014 0.39820 0.09867 0.10322 0.09703
0.30288 0.00006 0.20041 0.19624 0.09747 0.30232
0.00000 0.50146 0.09875 0.00000 0.00026 0.40409
0.00000 0.00000 0.00002 0.60516 0.00267 0.09921
0.00000 0.00000 0.00000 0.00000 0.79637 0.00000
