initial: 6
0.71954 0.00051 0.09171 0.18824 0.00000 0.00000

transition: 6
0.30886 0.00083 0.49357 0.00011 0.00000 0.19662
0.00094 0.20023 0.79824 0.00059 0.00000 0.00000
0.00021 0.49907 0.20181 0.29890 0.00000 0.00000
0.00000 0.20165 0.00001 0.59786 0.00000 0.20048
0.10495 0.00000 0.00000 0.00000 0.49765 0.39740
0.00001 0.39432 0.00000 0.00000 0.30059 0.30508

observation: 6
0.99545 0.49865 0.29765 0.09839 0.00022 0.09896
0.00248 0.00004 0.39976 0.09976 0.10419 0.09745
0.00207 0.00183 0.20103 0.80185 0.09077 0.30884
0.00000 0.49940 0.10153 0.00000 0.00396 0.39587
0.00000 0.00009 0.00004 0.00000 0.00221 0.09887
0.00000 0.00000 0.00000 0.00000 0.79864 0.00000
