initial: 6
0.50662 0.49338 0.00000 0.00000 0.00000 0.00000

transition: 6
0.28946 0.49433 0.00764 0.20653 0.00001 0.00202
0.00335 0.50124 0.19864 0.00004 0.00000 0.29673
0.00290 0.00055 0.20957 0.78298 0.00009 0.00391
0.00019 0.00298 0.00531 0.26731 0.52129 0.20291
0.00000 0.00000 0.00000 0.00000 0.50091 0.49909
0.61762 0.00005 0.19187 0.19045 0.00000 0.00000

observation: 6
0.00005 0.29979 0.00406 0.10061 0.29837 0.09791
0.09781 0.39693 0.00001 0.10114 0.00000 0.10032
0.40601 0.19962 0.48703 0.29540 0.30258 0.00000
0.49613 0.10366 0.50338 0.40296 0.00000 0.00000
0.00000 0.00000 0.00551 0.09990 0.00000 0.80177
0.00000 0.00000 0.00000 0.00000 0.39906 0.00000
