initial: 6
0.75747 0.00000 0.06391 0.17862 0.00000 0.00000

transition: 6
0.29725 0.09535 0.41513 0.01546 0.00000 0.17680
0.00599 0.35715 0.60190 0.03496 0.00000 0.00000
0.01819 0.57599 0.08689 0.31883 0.00000 0.00010
0.01558 0.19730 0.00018 0.57946 0.00015 0.20733
0.10749 0.00000 0.00000 0.00000 0.55167 0.34083
0.01102 0.42312 0.00006 0.00000 0.32059 0.24521

observation: 6
0.96780 0.46814 0.26352 0.07954 0.01256 0.09233
0.01176 0.03034 0.46504 0.09493 0.10787 0.08398
0.01142 0.02250 0.23147 0.82522 0.10078 0.32037
0.00902 0.47902 0.03998 0.00031 0.04297 0.40408
0.00000 0.00000 0.00000 0.00000 0.01316 0.09924
0.00000 0.00000 0.00000 0.00000 0.72265 0.00000
