initial: 6
0.26148 0.02692 0.12439 0.20696 0.00166 0.37859

transition: 6
0.42397 0.48176 0.05988 0.00372 0.01453 0.01615
0.18344 0.52262 0.25893 0.02731 0.00165 0.00605
0.24935 0.08580 0.12123 0.49921 0.01370 0.03072
0.26173 0.07140 0.05667 0.49065 0.03946 0.08008
0.06968 0.04059 0.00284 0.00433 0.62366 0.25891
0.30190 0.06221 0.00337 0.00070 0.30675 0.32508

observation: 6
0.34830 0.53392 0.18383 0.05867 0.02290 0.08859
0.08945 0.16814 0.37759 0.02842 0.10031 0.05985
0.14058 0.10441 0.26946 0.16073 0.13855 0.32846
0.42026 0.19264 0.02654 0.02121 0.09848 0.33169
0.00140 0.00089 0.14258 0.73098 0.02850 0.05452
0.00000 0.00000 0.00000 0.00000 0.61126 0.13689
