initial: 6
0.71946 0.00047 0.09181 0.18826 0.00000 0.00000

transition: 6
0.30899 0.00035 0.49413 0.00001 0.00000 0.19653
0.00112 0.19966 0.79914 0.00008 0.00000 0.00000
0.00004 0.49872 0.20216 0.29907 0.00000 0.00000
0.00000 0.20167 0.00001 0.59798 0.00000 0.20034
0.10495 0.00000 0.00000 0.00000 0.49651 0.39854
0.00001 0.39365 0.00000 0.00000 0.30023 0.30610

observation: 6
0.99551 0.49884 0.29758 0.09848 0.00003 0.09893
0.00247 0.00001 0.39943 0.09979 0.10419 0.09750
0.00202 0.00156 0.20124 0.80173 0.09055 0.30864
0.00000 0.49951 0.10171 0.00000 0.00285 0.39602
0.00000 0.00009 0.00003 0.00000 0.00196 0.09891
0.00000 0.00000 0.00000 0.00000 0.80042 0.00000
