initial: 6
0.00000 0.11906 0.08468 0.20983 0.00000 0.58643

transition: 6
0.20123 0.25042 0.54834 0.00002 0.00000 0.00000
0.07912 0.29883 0.44104 0.02657 0.00000 0.15444
0.50165 0.01142 0.17457 0.31237 0.00000 0.00000
0.20062 0.00221 0.00165 0.59830 0.00000 0.19723
0.00000 0.10621 0.00000 0.00000 0.50744 0.38635
0.39956 0.00034 0.00000 0.00000 0.30864 0.29146

observation: 6
0.49054 0.67706 0.28064 0.10091 0.00312 0.09637
0.00394 0.01747 0.42385 0.09745 0.10091 0.09575
0.00002 0.28901 0.19419 0.19634 0.10145 0.30253
0.50549 0.01645 0.10071 0.00000 0.00627 0.40319
0.00000 0.00001 0.00061 0.60530 0.00199 0.10216
0.00000 0.00000 0.00000 0.00000 0.78626 0.00000
