initial: 6
0.73001 0.00046 0.08423 0.18530 0.00000 0.00000

transition: 6
0.29635 0.03105 0.48761 0.00407 0.00000 0.18093
0.20702 0.21395 0.57724 0.00178 0.00000 0.00001
0.00572 0.50685 0.18061 0.30641 0.00000 0.00041
0.00127 0.20351 0.00017 0.59600 0.00000 0.19905
0.10775 0.00000 0.00000 0.00000 0.50436 0.38788
0.00277 0.39459 0.00000 0.00000 0.30762 0.29503

observation: 6
0.69117 0.49279 0.29572 0.09913 0.00218 0.09640
0.00502 0.00665 0.40751 0.09765 0.10247 0.09563
0.30203 0.00117 0.20110 0.19553 0.09743 0.30388
0.00175 0.49938 0.09501 0.00000 0.00488 0.40435
0.00003 0.00000 0.00066 0.60768 0.00262 0.09974
0.00000 0.00000 0.00000 0.00000 0.79041 0.00000
