initial: 6
0.00000 0.11000 0.09181 0.21003 0.00000 0.58816

transition: 6
0.20290 0.22112 0.57597 0.00001 0.00000 0.00000
0.04474 0.28969 0.48286 0.00834 0.00000 0.17437
0.49730 0.00859 0.18710 0.30701 0.00000 0.00000
0.20043 0.00115 0.00138 0.59848 0.00000 0.19856
0.00000 0.10426 0.00000 0.00000 0.50506 0.39068
0.39874 0.00016 0.00000 0.00000 0.30569 0.29541

observation: 6
0.49301 0.68911 0.29439 0.10056 0.00125 0.09802
0.00298 0.00821 0.40877 0.09826 0.10200 0.09595
0.00001 0.29569 0.19786 0.19632 0.09989 0.30168
0.50400 0.00700 0.09860 0.00000 0.00511 0.40273
0.00000 0.00000 0.00038 0.60486 0.00205 0.10162
0.00000 0.00000 0.00000 0.00000 0.78971 0.00000
