initial: 6
0.00000 0.10428 0.09585 0.21025 0.00000 0.58961

transition: 6
0.20279 0.20579 0.59141 0.00000 0.00001 0.00000
0.01718 0.28711 0.50810 0.00081 0.00000 0.18681
0.49574 0.00628 0.19513 0.30285 0.00000 0.00000
0.20036 0.00028 0.00111 0.59873 0.00000 0.19952
0.00000 0.10235 0.00000 0.00000 0.50304 0.39461
0.39794 0.00003 0.00000 0.00000 0.30337 0.29866

observation: 6
0.49487 0.69767 0.30103 0.10046 0.00008 0.09943
0.00198 0.00256 0.40092 0.09911 0.10289 0.09593
0.00000 0.29829 0.19980 0.19641 0.09870 0.30135
0.50314 0.00148 0.09806 0.00000 0.00373 0.40220
0.00000 0.00000 0.00019 0.60403 0.00207 0.10109
0.00000 0.00000 0.00000 0.00000 0.79253 0.00000
