initial: 6
0.71960 0.00044 0.09185 0.18811 0.00000 0.00000

transition: 6
0.30866 0.00170 0.49249 0.00044 0.00000 0.19670
0.00078 0.20148 0.79602 0.00171 0.00000 0.00000
0.00051 0.50009 0.20074 0.29866 0.00000 0.00000
0.00004 0.20164 0.00001 0.59757 0.00000 0.20074
0.10492 0.00000 0.00000 0.00000 0.49933 0.39574
0.00007 0.39534 0.00000 0.00000 0.30101 0.30358

observation: 6
0.99550 0.49830 0.29762 0.09815 0.00062 0.09890
0.00237 0.00027 0.40050 0.09966 0.10425 0.09736
0.00213 0.00238 0.20063 0.80218 0.09103 0.30916
0.00000 0.49905 0.10118 0.00000 0.00552 0.39566
0.00000 0.00000 0.00008 0.00000 0.00256 0.09892
0.00000 0.00000 0.00000 0.00000 0.79603 0.00000
