initial: 6
0.50756 0.49244 0.00000 0.00000 0.00000 0.00000

transition: 6
0.29197 0.50814 0.00645 0.19315 0.00000 0.00030
0.00062 0.50200 0.19888 0.00000 0.00000 0.29850
0.00234 0.00017 0.20234 0.78870 0.00000 0.00644
0.00015 0.00099 0.00444 0.28182 0.51270 0.19991
0.00000 0.00000 0.00000 0.00000 0.50079 0.49921
0.59858 0.00000 0.20648 0.19493 0.00000 0.00000

observation: 6
0.00021 0.29978 0.00138 0.10010 0.29875 0.09838
0.09987 0.39657 0.00000 0.10144 0.00000 0.10062
0.40443 0.19997 0.49033 0.29589 0.30230 0.00000
0.49549 0.10369 0.50672 0.40262 0.00000 0.00000
0.00000 0.00000 0.00158 0.09995 0.00000 0.80100
0.00000 0.00000 0.00000 0.00000 0.39895 0.00000
