initial: 6
0.72526 0.00202 0.08647 0.18625 0.00000 0.00000

transition: 6
0.29575 0.02266 0.49444 0.00277 0.00000 0.18438
0.20413 0.20813 0.58685 0.00088 0.00000 0.00001
0.00480 0.50195 0.18933 0.30363 0.00000 0.00029
0.00081 0.20272 0.00015 0.59671 0.00000 0.19961
0.10757 0.00000 0.00000 0.00000 0.50323 0.38919
0.00183 0.39454 0.00000 0.00000 0.30628 0.29734

observation: 6
0.69310 0.49478 0.29855 0.09957 0.00145 0.09706
0.00353 0.00413 0.40368 0.09836 0.10247 0.09643
0.30251 0.00081 0.20055 0.19571 0.09771 0.30296
0.00085 0.50027 0.09678 0.00000 0.00385 0.40406
0.00002 0.00000 0.00044 0.60636 0.00272 0.09949
0.00000 0.00000 0.00000 0.00000 0.79179 0.00000
