initial: 6
0.71980 0.00007 0.09238 0.18774 0.00000 0.00000

transition: 6
0.30836 0.00374 0.48994 0.00104 0.00000 0.19692
0.00063 0.20487 0.79069 0.00381 0.00000 0.00000
0.00092 0.50265 0.19775 0.29868 0.00000 0.00000
0.00024 0.20167 0.00001 0.59698 0.00000 0.20110
0.10488 0.00000 0.00000 0.00000 0.50189 0.39323
0.00020 0.39686 0.00000 0.00000 0.30148 0.30146

observation: 6
0.99556 0.49755 0.29730 0.09780 0.00129 0.09871
0.00218 0.00093 0.40228 0.09948 0.10438 0.09697
0.00224 0.00335 0.20022 0.80272 0.09133 0.30969
0.00002 0.49817 0.10020 0.00000 0.00772 0.39561
0.00000 0.00000 0.00000 0.00000 0.00305 0.09902
0.00000 0.00000 0.00000 0.00000 0.79223 0.00000
