initial: 6
0.71957 0.00052 0.09168 0.18822 0.00000 0.00000

transition: 6
0.30882 0.00101 0.49334 0.00017 0.00000 0.19664
0.00088 0.20050 0.79779 0.00083 0.00000 0.00000
0.00028 0.49927 0.20162 0.29884 0.00000 0.00000
0.00001 0.20165 0.00001 0.59781 0.00000 0.20052
0.10495 0.00000 0.00000 0.00000 0.49804 0.39701
0.00003 0.39455 0.00000 0.00000 0.30071 0.30471

observation: 6
0.99543 0.49857 0.29766 0.09834 0.00031 0.09896
0.00247 0.00007 0.39991 0.09975 0.10420 0.09742
0.00209 0.00195 0.20094 0.80191 0.09083 0.30892
0.00000 0.49933 0.10145 0.00000 0.00432 0.39584
0.00000 0.00008 0.00004 0.00000 0.00230 0.09887
0.00000 0.00000 0.00000 0.00000 0.79804 0.00000
