initial: 6
0.71957 0.00052 0.09168 0.18823 0.00000 0.00000

transition: 6
0.30883 0.00100 0.49337 0.00017 0.00000 0.19664
0.00089 0.20047 0.79784 0.00080 0.00000 0.00000
0.00027 0.49925 0.20164 0.29884 0.00000 0.00000
0.00000 0.20165 0.00001 0.59781 0.00000 0.20052
0.10495 0.00000 0.00000 0.00000 0.49801 0.39704
0.00002 0.39453 0.00000 0.00000 0.30070 0.30475

observation: 6
0.99543 0.49858 0.29766 0.09834 0.00030 0.09896
0.00247 0.00007 0.39990 0.09975 0.10420 0.09742
0.00209 0.00193 0.20095 0.80191 0.09083 0.30891
0.00000 0.49934 0.10146 0.00000 0.00429 0.39584
0.00000 0.00008 0.00004 0.00000 0.00229 0.09887
0.00000 0.00000 0.00000 0.00000 0.79810 0.00000
