initial: 6
0.72307 0.00000 0.09040 0.18653 0.00000 0.00000

transition: 6
0.30832 0.01407 0.47829 0.00259 0.00000 0.19673
0.00068 0.22768 0.76042 0.01122 0.00000 0.00000
0.00200 0.51565 0.18181 0.30054 0.00000 0.00000
0.00142 0.20283 0.00002 0.59440 0.00000 0.20134
0.10505 0.00000 0.00000 0.00000 0.50873 0.38622
0.00073 0.40110 0.00000 0.00000 0.30443 0.29373

observation: 6
0.99363 0.49495 0.29314 0.09536 0.00325 0.09762
0.00252 0.00424 0.41170 0.09892 0.10469 0.09546
0.00298 0.00646 0.20239 0.80570 0.09156 0.31171
0.00087 0.49435 0.09278 0.00001 0.01362 0.39595
0.00000 0.00000 0.00000 0.00000 0.00439 0.09926
0.00000 0.00000 0.00000 0.00000 0.78249 0.00000
