initial: 6
0.71982 0.00279 0.09013 0.18726 0.00000 0.00000

transition: 6
0.29562 0.01186 0.50301 0.00100 0.00000 0.18851
0.20046 0.20259 0.59674 0.00012 0.00009 0.00001
0.00334 0.49743 0.19825 0.30086 0.00000 0.00012
0.00020 0.20205 0.00019 0.59747 0.00000 0.20009
0.10735 0.00000 0.00000 0.00000 0.50137 0.39128
0.00065 0.39444 0.00000 0.00000 0.30457 0.30034

observation: 6
0.69518 0.49725 0.30152 0.10005 0.00037 0.09782
0.00189 0.00147 0.39961 0.09919 0.10265 0.09720
0.30290 0.00033 0.20029 0.19604 0.09785 0.30210
0.00002 0.50095 0.09839 0.00000 0.00203 0.40381
0.00000 0.00000 0.00019 0.60472 0.00293 0.09907
0.00000 0.00000 0.00000 0.00000 0.79418 0.00000
