initial: 6
0.50760 0.49240 0.00000 0.00000 0.00000 0.00000

transition: 6
0.29193 0.50807 0.00655 0.19309 0.00000 0.00036
0.00071 0.50195 0.19885 0.00000 0.00000 0.29848
0.00225 0.00019 0.20248 0.78872 0.00000 0.00636
0.00014 0.00107 0.00444 0.28161 0.51281 0.19993
0.00000 0.00000 0.00000 0.00000 0.50079 0.49921
0.59863 0.00000 0.20651 0.19486 0.00000 0.00000

observation: 6
0.00019 0.29979 0.00145 0.10011 0.29874 0.09837
0.09987 0.39658 0.00000 0.10145 0.00000 0.10062
0.40444 0.19996 0.49025 0.29587 0.30230 0.00000
0.49550 0.10367 0.50666 0.40262 0.00000 0.00000
0.00000 0.00000 0.00164 0.09995 0.00000 0.80101
0.00000 0.00000 0.00000 0.00000 0.39895 0.00000
