initial: 6
0.50789 0.49211 0.00000 0.00000 0.00000 0.00000

transition: 6
0.29142 0.50725 0.00728 0.19304 0.00000 0.00101
0.00160 0.50146 0.19869 0.00000 0.00000 0.29825
0.00207 0.00031 0.20404 0.78809 0.00002 0.00547
0.00013 0.00168 0.00455 0.27869 0.51454 0.20040
0.00000 0.00000 0.00000 0.00000 0.50081 0.49919
0.59966 0.00001 0.20650 0.19383 0.00000 0.00000

observation: 6
0.00007 0.29989 0.00215 0.10025 0.29863 0.09825
0.09986 0.39660 0.00000 0.10148 0.00000 0.10058
0.40453 0.19992 0.48933 0.29570 0.30237 0.00000
0.49555 0.10359 0.50609 0.40264 0.00000 0.00000
0.00000 0.00000 0.00243 0.09994 0.00000 0.80117
0.00000 0.00000 0.00000 0.00000 0.39900 0.00000
