initial: 6
0.00000 0.13442 0.07233 0.20945 0.00000 0.58380

transition: 6
0.19394 0.31482 0.49120 0.00004 0.00000 0.00000
0.12370 0.32407 0.36869 0.06050 0.00000 0.12305
0.51217 0.01585 0.15127 0.32070 0.00000 0.00000
0.20036 0.00436 0.00215 0.59777 0.00000 0.19536
0.00002 0.10836 0.00000 0.00000 0.51153 0.38009
0.40085 0.00085 0.00000 0.00000 0.31339 0.28490

observation: 6
0.48597 0.65549 0.24829 0.10145 0.00601 0.09492
0.00516 0.03477 0.45821 0.09641 0.09955 0.09471
0.00006 0.27157 0.18765 0.19626 0.10403 0.30493
0.50880 0.03816 0.10476 0.00000 0.00829 0.40258
0.00001 0.00002 0.00109 0.60588 0.00204 0.10286
0.00000 0.00000 0.00000 0.00000 0.78008 0.00000
