initial: 6
0.74412 0.00001 0.07274 0.18313 0.00000 0.00000

transition: 6
0.29909 0.05988 0.46446 0.00723 0.00000 0.16935
0.21676 0.24166 0.53530 0.00627 0.00000 0.00001
0.00892 0.53112 0.13848 0.32050 0.00002 0.00097
0.00303 0.20663 0.00038 0.59309 0.00001 0.19686
0.10790 0.00000 0.00000 0.00000 0.50882 0.38328
0.00677 0.39453 0.00000 0.00000 0.31225 0.28645

observation: 6
0.68391 0.48393 0.28424 0.09744 0.00422 0.09499
0.01119 0.01866 0.42374 0.09519 0.10354 0.09107
0.30109 0.00252 0.20458 0.19515 0.09683 0.30686
0.00372 0.49487 0.08569 0.00000 0.00779 0.40667
0.00009 0.00002 0.00175 0.61222 0.00279 0.10041
0.00000 0.00000 0.00000 0.00000 0.78484 0.00000
