initial: 6
0.00000 0.10504 0.09534 0.21020 0.00000 0.58941

transition: 6
0.20289 0.20769 0.58941 0.00000 0.00000 0.00000
0.02139 0.28719 0.50475 0.00147 0.00000 0.18521
0.49585 0.00665 0.19402 0.30348 0.00000 0.00000
0.20035 0.00042 0.00117 0.59867 0.00000 0.19939
0.00000 0.10266 0.00000 0.00000 0.50337 0.39397
0.39808 0.00005 0.00000 0.00000 0.30371 0.29816

observation: 6
0.49459 0.69644 0.30024 0.10046 0.00019 0.09926
0.00215 0.00330 0.40191 0.09896 0.10276 0.09594
0.00000 0.29805 0.19956 0.19638 0.09888 0.30138
0.50326 0.00220 0.09806 0.00000 0.00402 0.40225
0.00000 0.00000 0.00023 0.60420 0.00208 0.10117
0.00000 0.00000 0.00000 0.00000 0.79208 0.00000
