initial: 6
0.72001 0.00281 0.08996 0.18723 0.00000 0.00000

transition: 6
0.29560 0.01229 0.50266 0.00107 0.00000 0.18838
0.20061 0.20276 0.59641 0.00014 0.00007 0.00001
0.00341 0.49756 0.19794 0.30096 0.00000 0.00013
0.00022 0.20206 0.00018 0.59745 0.00000 0.20009
0.10735 0.00000 0.00000 0.00000 0.50147 0.39118
0.00070 0.39443 0.00000 0.00000 0.30464 0.30024

observation: 6
0.69511 0.49715 0.30142 0.10004 0.00041 0.09783
0.00196 0.00156 0.39975 0.09916 0.10264 0.09717
0.30290 0.00035 0.20029 0.19602 0.09785 0.30210
0.00003 0.50093 0.09834 0.00000 0.00212 0.40382
0.00000 0.00000 0.00020 0.60478 0.00293 0.09908
0.00000 0.00000 0.00000 0.00000 0.79405 0.00000
