initial: 6
0.49405 0.50595 0.00000 0.00000 0.00000 0.00000

transition: 6
0.27755 0.43410 0.01064 0.27529 0.00018 0.00223
0.00617 0.50480 0.19989 0.00019 0.00004 0.28892
0.00636 0.00158 0.21604 0.77255 0.00041 0.00306
0.00041 0.00613 0.00743 0.24890 0.53087 0.20625
0.00000 0.00000 0.00000 0.00000 0.50088 0.49912
0.72092 0.00017 0.09384 0.18506 0.00000 0.00000

observation: 6
0.00012 0.29770 0.00875 0.10153 0.29820 0.09731
0.08549 0.39867 0.00017 0.09951 0.00000 0.09955
0.41550 0.19856 0.47899 0.29589 0.30258 0.00000
0.49889 0.10507 0.49064 0.40359 0.00000 0.00000
0.00000 0.00000 0.02145 0.09948 0.00000 0.80314
0.00000 0.00000 0.00000 0.00000 0.39922 0.00000
