initial: 6
0.00144 0.16362 0.05674 0.20501 0.00000 0.57319

transition: 6
0.15716 0.51748 0.32246 0.00032 0.00059 0.00199
0.14107 0.44307 0.25715 0.09098 0.00000 0.06771
0.55580 0.03391 0.04721 0.36149 0.00069 0.00091
0.19287 0.01855 0.01192 0.58658 0.00045 0.18964
0.00400 0.10939 0.00000 0.00000 0.53020 0.35641
0.40026 0.01044 0.00000 0.00000 0.33526 0.25404

observation: 6
0.45792 0.57624 0.16781 0.09675 0.01330 0.09539
0.00878 0.09940 0.54619 0.08987 0.09905 0.08353
0.00286 0.19997 0.20582 0.19082 0.11002 0.32144
0.53024 0.12428 0.06969 0.00000 0.02059 0.39494
0.00021 0.00011 0.01049 0.62255 0.00445 0.10470
0.00000 0.00000 0.00000 0.00000 0.75260 0.00000
