initial: 6
0.50757 0.49243 0.00000 0.00000 0.00000 0.00000

transition: 6
0.29196 0.50812 0.00648 0.19313 0.00000 0.00031
0.00065 0.50199 0.19887 0.00000 0.00000 0.29849
0.00232 0.00018 0.20238 0.78870 0.00000 0.00642
0.00015 0.00101 0.00444 0.28176 0.51273 0.19991
0.00000 0.00000 0.00000 0.00000 0.50079 0.49921
0.59859 0.00000 0.20649 0.19491 0.00000 0.00000

observation: 6
0.00021 0.29978 0.00140 0.10011 0.29875 0.09838
0.09987 0.39657 0.00000 0.10144 0.00000 0.10062
0.40443 0.19997 0.49031 0.29588 0.30230 0.00000
0.49549 0.10368 0.50670 0.40262 0.00000 0.00000
0.00000 0.00000 0.00159 0.09995 0.00000 0.80100
0.00000 0.00000 0.00000 0.00000 0.39895 0.00000
