initial: 6
0.00000 0.10492 0.09542 0.21021 0.00000 0.58945

transition: 6
0.20288 0.20740 0.58972 0.00000 0.00000 0.00000
0.02076 0.28717 0.50526 0.00136 0.00000 0.18545
0.49583 0.00660 0.19419 0.30338 0.00000 0.00000
0.20035 0.00040 0.00116 0.59868 0.00000 0.19941
0.00000 0.10261 0.00000 0.00000 0.50332 0.39407
0.39806 0.00005 0.00000 0.00000 0.30366 0.29823

observation: 6
0.49463 0.69663 0.30036 0.10046 0.00017 0.09929
0.00212 0.00319 0.40176 0.09898 0.10278 0.09594
0.00000 0.29809 0.19960 0.19639 0.09885 0.30137
0.50324 0.00209 0.09806 0.00000 0.00398 0.40224
0.00000 0.00000 0.00022 0.60418 0.00208 0.10116
0.00000 0.00000 0.00000 0.00000 0.79214 0.00000
