initial: 6
0.80751 0.14709 0.01976 0.02001 0.00409 0.00154

transition: 6
0.42022 0.38341 0.08169 0.06210 0.02229 0.03028
0.15590 0.43212 0.28621 0.07116 0.02246 0.03214
0.14939 0.13994 0.32973 0.28861 0.04277 0.04956
0.13688 0.12960 0.11493 0.34543 0.20673 0.06644
0.05949 0.05203 0.04486 0.05660 0.51261 0.27441
0.28840 0.08355 0.06283 0.06821 0.17256 0.32445

observation: 6
0.56233 0.40647 0.18961 0.11744 0.05710 0.12403
0.13966 0.21340 0.21340 0.14955 0.06598 0.09351
0.11197 0.14972 0.35569 0.53589 0.40997 0.28619
0.18535 0.23016 0.24050 0.19157 0.14922 0.31537
0.00063 0.00025 0.00075 0.00454 0.04560 0.03935
0.00006 0.00001 0.00005 0.00101 0.27212 0.14155
