initial: 6
0.71960 0.00047 0.09179 0.18814 0.00000 0.00000

transition: 6
0.30869 0.00157 0.49264 0.00039 0.00000 0.19670
0.00079 0.20129 0.79637 0.00155 0.00000 0.00000
0.00047 0.49992 0.20092 0.29869 0.00000 0.00000
0.00003 0.20163 0.00001 0.59761 0.00000 0.20072
0.10493 0.00000 0.00000 0.00000 0.49911 0.39596
0.00006 0.39520 0.00000 0.00000 0.30094 0.30379

observation: 6
0.99547 0.49836 0.29763 0.09819 0.00056 0.09891
0.00240 0.00023 0.40038 0.09968 0.10424 0.09738
0.00213 0.00230 0.20068 0.80213 0.09100 0.30912
0.00000 0.49911 0.10123 0.00000 0.00532 0.39567
0.00000 0.00000 0.00008 0.00000 0.00251 0.09892
0.00000 0.00000 0.00000 0.00000 0.79637 0.00000
