initial: 6
0.50786 0.49214 0.00000 0.00000 0.00000 0.00000

transition: 6
0.29087 0.50465 0.00748 0.19545 0.00000 0.00155
0.00238 0.50112 0.19866 0.00002 0.00000 0.29783
0.00233 0.00041 0.20639 0.78614 0.00004 0.00469
0.00015 0.00222 0.00484 0.27436 0.51715 0.20128
0.00000 0.00000 0.00000 0.00000 0.50085 0.49915
0.60322 0.00003 0.20429 0.19246 0.00000 0.00000

observation: 6
0.00005 0.29993 0.00288 0.10040 0.29851 0.09811
0.09954 0.39664 0.00001 0.10145 0.00000 0.10050
0.40478 0.19986 0.48828 0.29552 0.30246 0.00000
0.49563 0.10358 0.50532 0.40270 0.00000 0.00000
0.00000 0.00000 0.00352 0.09993 0.00000 0.80139
0.00000 0.00000 0.00000 0.00000 0.39904 0.00000
