initial: 6
0.00000 0.11485 0.08805 0.20993 0.00000 0.58717

transition: 6
0.20222 0.23606 0.56171 0.00001 0.00000 0.00000
0.06403 0.29406 0.46071 0.01758 0.00000 0.16362
0.49944 0.01015 0.18042 0.30999 0.00000 0.00000
0.20055 0.00172 0.00153 0.59838 0.00000 0.19782
0.00000 0.10541 0.00000 0.00000 0.50638 0.38821
0.39920 0.00025 0.00000 0.00000 0.30733 0.29322

observation: 6
0.49166 0.68256 0.28751 0.10074 0.00228 0.09704
0.00354 0.01312 0.41640 0.09779 0.10138 0.09587
0.00002 0.29244 0.19596 0.19633 0.10074 0.30209
0.50477 0.01188 0.09962 0.00000 0.00576 0.40306
0.00000 0.00001 0.00051 0.60515 0.00202 0.10194
0.00000 0.00000 0.00000 0.00000 0.78782 0.00000
