initial: 6
0.73983 0.00000 0.07812 0.18205 0.00000 0.00000

transition: 6
0.30757 0.05456 0.43739 0.00757 0.00000 0.19291
0.00200 0.30974 0.66001 0.02825 0.00000 0.00000
0.00701 0.55398 0.12932 0.30966 0.00000 0.00003
0.00687 0.20353 0.00007 0.58595 0.00005 0.20354
0.10627 0.00000 0.00000 0.00000 0.52960 0.36413
0.00387 0.41290 0.00001 0.00000 0.31353 0.26969

observation: 6
0.98169 0.48456 0.27492 0.08674 0.00819 0.09472
0.00622 0.01697 0.44509 0.09671 0.10604 0.09018
0.00663 0.01514 0.21835 0.81644 0.09496 0.31650
0.00546 0.48334 0.06164 0.00010 0.02933 0.39883
0.00000 0.00000 0.00000 0.00000 0.00862 0.09977
0.00000 0.00000 0.00000 0.00000 0.75286 0.00000
