initial: 6
0.00000 0.11243 0.08995 0.20998 0.00000 0.58764

transition: 6
0.20263 0.22838 0.56898 0.00001 0.00000 0.00000
0.05469 0.29170 0.47186 0.01276 0.00000 0.16899
0.49831 0.00939 0.18376 0.30854 0.00000 0.00000
0.20049 0.00144 0.00146 0.59843 0.00000 0.19818
0.00000 0.10488 0.00000 0.00000 0.50574 0.38938
0.39898 0.00021 0.00000 0.00000 0.30654 0.29428

observation: 6
0.49232 0.68578 0.29109 0.10064 0.00177 0.09750
0.00328 0.01065 0.41247 0.09801 0.10168 0.09592
0.00001 0.29416 0.19693 0.19632 0.10032 0.30188
0.50438 0.00940 0.09907 0.00000 0.00545 0.40292
0.00000 0.00001 0.00045 0.60503 0.00203 0.10179
0.00000 0.00000 0.00000 0.00000 0.78874 0.00000
