initial: 6
0.77387 0.00000 0.07434 0.15179 0.00000 0.00000

transition: 6
0.31823 0.23013 0.33146 0.00561 0.00164 0.11294
0.22778 0.41586 0.32758 0.02854 0.00002 0.00023
0.04649 0.54635 0.00347 0.36912 0.00183 0.03273
0.04234 0.16036 0.06437 0.51508 0.00163 0.21622
0.10311 0.00165 0.00000 0.00000 0.56379 0.33145
0.11812 0.32583 0.00004 0.00000 0.32595 0.23006

observation: 6
0.69864 0.40416 0.21914 0.07252 0.01823 0.08331
0.01737 0.10028 0.49815 0.02590 0.10759 0.07434
0.26539 0.02456 0.24968 0.17099 0.13312 0.27886
0.01607 0.46922 0.00500 0.00006 0.01835 0.46409
0.00254 0.00177 0.02802 0.73053 0.01314 0.09869
0.00000 0.00000 0.00000 0.00000 0.70957 0.00072
