initial: 6
0.71797 0.00250 0.09199 0.18754 0.00000 0.00000

transition: 6
0.29589 0.00789 0.50636 0.00033 0.00000 0.18953
0.19889 0.20124 0.59950 0.00000 0.00035 0.00001
0.00257 0.49628 0.20133 0.29981 0.00000 0.00001
0.00002 0.20196 0.00067 0.59745 0.00000 0.19991
0.10738 0.00000 0.00000 0.00000 0.50023 0.39238
0.00017 0.39450 0.00000 0.00000 0.30406 0.30126

observation: 6
0.69593 0.49822 0.30241 0.10014 0.00003 0.09744
0.00116 0.00054 0.39835 0.09929 0.10284 0.09740
0.30290 0.00014 0.20040 0.19622 0.09769 0.30223
0.00000 0.50111 0.09877 0.00000 0.00084 0.40383
0.00000 0.00000 0.00008 0.60434 0.00287 0.09910
0.00000 0.00000 0.00000 0.00000 0.79573 0.00000
