initial: 6
0.80200 0.00000 0.04827 0.14973 0.00000 0.00000

transition: 6
0.24576 0.26160 0.36140 0.06103 0.00143 0.06878
0.09744 0.44673 0.42492 0.03088 0.00000 0.00002
0.14319 0.51800 0.00769 0.31707 0.00012 0.01393
0.07512 0.07340 0.00867 0.56041 0.01183 0.27057
0.10687 0.00049 0.00000 0.00000 0.65574 0.23690
0.11498 0.44488 0.01586 0.00001 0.30323 0.12104

observation: 6
0.92928 0.34819 0.16598 0.05650 0.03052 0.08585
0.01959 0.08418 0.53887 0.06689 0.11765 0.04934
0.03622 0.07510 0.28133 0.87130 0.13700 0.30267
0.01491 0.49253 0.01382 0.00531 0.08436 0.47385
0.00000 0.00000 0.00000 0.00000 0.03295 0.08829
0.00000 0.00000 0.00000 0.00000 0.59751 0.00000
