initial: 6
0.71965 0.00277 0.09029 0.18729 0.00000 0.00000

transition: 6
0.29564 0.01148 0.50333 0.00094 0.00000 0.18861
0.20031 0.20244 0.59702 0.00010 0.00012 0.00001
0.00328 0.49731 0.19854 0.30076 0.00000 0.00011
0.00018 0.20205 0.00019 0.59749 0.00000 0.20009
0.10735 0.00000 0.00000 0.00000 0.50128 0.39136
0.00060 0.39446 0.00000 0.00000 0.30452 0.30042

observation: 6
0.69525 0.49734 0.30162 0.10007 0.00033 0.09780
0.00183 0.00138 0.39947 0.09921 0.10266 0.09722
0.30290 0.00032 0.20029 0.19606 0.09784 0.30210
0.00002 0.50096 0.09844 0.00000 0.00194 0.40381
0.00000 0.00000 0.00018 0.60467 0.00294 0.09907
0.00000 0.00000 0.00000 0.00000 0.79430 0.00000
