initial: 6
0.71957 0.00053 0.09168 0.18822 0.00000 0.00000

transition: 6
0.30882 0.00105 0.49330 0.00019 0.00000 0.19665
0.00087 0.20055 0.79770 0.00087 0.00000 0.00000
0.00029 0.49931 0.20157 0.29883 0.00000 0.00000
0.00001 0.20166 0.00001 0.59780 0.00000 0.20053
0.10495 0.00000 0.00000 0.00000 0.49812 0.39693
0.00003 0.39460 0.00000 0.00000 0.30074 0.30464

observation: 6
0.99543 0.49855 0.29766 0.09833 0.00032 0.09895
0.00247 0.00008 0.39994 0.09974 0.10420 0.09741
0.00210 0.00197 0.20092 0.80193 0.09084 0.30893
0.00000 0.49932 0.10143 0.00000 0.00440 0.39583
0.00000 0.00008 0.00004 0.00000 0.00231 0.09887
0.00000 0.00000 0.00000 0.00000 0.79793 0.00000
