initial: 6
0.71884 0.00265 0.09108 0.18742 0.00000 0.00000

transition: 6
0.29574 0.00972 0.50487 0.00065 0.00000 0.18903
0.19957 0.20185 0.59826 0.00004 0.00027 0.00001
0.00295 0.49683 0.19986 0.30029 0.00000 0.00006
0.00009 0.20208 0.00027 0.59756 0.00000 0.20001
0.10738 0.00000 0.00000 0.00000 0.50083 0.39179
0.00040 0.39461 0.00000 0.00000 0.30426 0.30073

observation: 6
0.69558 0.49777 0.30201 0.10012 0.00016 0.09757
0.00151 0.00099 0.39888 0.09930 0.10271 0.09735
0.30290 0.00023 0.20035 0.19613 0.09780 0.30221
0.00000 0.50101 0.09862 0.00000 0.00148 0.40377
0.00000 0.00000 0.00013 0.60444 0.00293 0.09909
0.00000 0.00000 0.00000 0.00000 0.79492 0.00000
