initial: 6
0.85747 0.00000 0.00098 0.14155 0.00000 0.00000

transition: 6
0.29509 0.44504 0.14666 0.08028 0.00364 0.02929
0.13422 0.58183 0.24644 0.03535 0.00030 0.00186
0.16709 0.16628 0.20810 0.41947 0.00129 0.03777
0.08882 0.06789 0.04402 0.52500 0.03890 0.23537
0.11989 0.00935 0.00082 0.00127 0.70133 0.16735
0.30047 0.29153 0.01490 0.00042 0.24250 0.15017

observation: 6
0.79240 0.28905 0.21632 0.06914 0.03643 0.06904
0.07330 0.24734 0.31191 0.04044 0.11737 0.02395
0.07087 0.07196 0.37508 0.87659 0.17135 0.14793
0.06341 0.39165 0.09668 0.01369 0.08210 0.66111
0.00002 0.00000 0.00000 0.00014 0.03630 0.09286
0.00000 0.00000 0.00000 0.00000 0.55645 0.00510
