initial: 6
0.75142 0.00000 0.06661 0.18197 0.00000 0.00000

transition: 6
0.30057 0.07736 0.45120 0.00807 0.00000 0.16281
0.22173 0.26251 0.50589 0.00985 0.00000 0.00002
0.01132 0.55015 0.10491 0.33204 0.00005 0.00153
0.00452 0.20801 0.00067 0.59096 0.00002 0.19582
0.10769 0.00001 0.00000 0.00000 0.51252 0.37978
0.01030 0.39437 0.00000 0.00000 0.31503 0.28031

observation: 6
0.67941 0.47721 0.27673 0.09620 0.00530 0.09468
0.01495 0.02838 0.43458 0.09382 0.10481 0.08727
0.30072 0.00346 0.20790 0.19492 0.09737 0.30800
0.00478 0.49091 0.07803 0.00000 0.00942 0.40923
0.00015 0.00003 0.00276 0.61506 0.00316 0.10081
0.00000 0.00000 0.00000 0.00000 0.77995 0.00000
