initial: 6
0.50507 0.49493 0.00000 0.00000 0.00000 0.00000

transition: 6
0.28808 0.48467 0.00788 0.21719 0.00002 0.00216
0.00386 0.50170 0.19862 0.00005 0.00000 0.29576
0.00332 0.00065 0.21100 0.78131 0.00012 0.00360
0.00022 0.00347 0.00561 0.26314 0.52369 0.20387
0.00000 0.00000 0.00000 0.00000 0.50093 0.49907
0.63189 0.00007 0.17873 0.18931 0.00000 0.00000

observation: 6
0.00006 0.29956 0.00485 0.10072 0.29831 0.09779
0.09601 0.39719 0.00002 0.10083 0.00000 0.10017
0.40728 0.19943 0.48636 0.29543 0.30262 0.00000
0.49665 0.10382 0.50167 0.40317 0.00000 0.00000
0.00000 0.00000 0.00710 0.09985 0.00000 0.80203
0.00000 0.00000 0.00000 0.00000 0.39907 0.00000
