initial: 6
0.71871 0.00262 0.09122 0.18744 0.00000 0.00000

transition: 6
0.29576 0.00944 0.50511 0.00060 0.00000 0.18909
0.19945 0.20177 0.59845 0.00003 0.00029 0.00001
0.00290 0.49675 0.20007 0.30022 0.00000 0.00006
0.00008 0.20208 0.00029 0.59756 0.00000 0.19999
0.10739 0.00000 0.00000 0.00000 0.50074 0.39187
0.00036 0.39463 0.00000 0.00000 0.30423 0.30078

observation: 6
0.69564 0.49784 0.30207 0.10013 0.00014 0.09753
0.00146 0.00093 0.39879 0.09931 0.10272 0.09737
0.30290 0.00022 0.20036 0.19615 0.09778 0.30223
0.00000 0.50101 0.09865 0.00000 0.00139 0.40377
0.00000 0.00000 0.00013 0.60441 0.00293 0.09909
0.00000 0.00000 0.00000 0.00000 0.79504 0.00000
