initial: 6
0.71958 0.00053 0.09168 0.18822 0.00000 0.00000

transition: 6
0.30881 0.00107 0.49327 0.00020 0.00000 0.19665
0.00087 0.20058 0.79765 0.00090 0.00000 0.00000
0.00030 0.49933 0.20155 0.29882 0.00000 0.00000
0.00001 0.20166 0.00001 0.59779 0.00000 0.20054
0.10495 0.00000 0.00000 0.00000 0.49816 0.39689
0.00003 0.39462 0.00000 0.00000 0.30075 0.30460

observation: 6
0.99543 0.49854 0.29766 0.09832 0.00033 0.09895
0.00247 0.00009 0.39996 0.09974 0.10420 0.09741
0.00210 0.00198 0.20091 0.80194 0.09085 0.30894
0.00000 0.49931 0.10143 0.00000 0.00443 0.39583
0.00000 0.00008 0.00004 0.00000 0.00232 0.09887
0.00000 0.00000 0.00000 0.00000 0.79786 0.00000
