initial: 6
0.72209 0.00279 0.08827 0.18685 0.00000 0.00000

transition: 6
0.29550 0.01681 0.49910 0.00181 0.00000 0.18677
0.20210 0.20488 0.59260 0.00040 0.00001 0.00001
0.00407 0.49922 0.19447 0.30204 0.00000 0.00021
0.00048 0.20228 0.00015 0.59716 0.00000 0.19994
0.10743 0.00000 0.00000 0.00000 0.50232 0.39025
0.00120 0.39445 0.00000 0.00000 0.30534 0.29901

observation: 6
0.69431 0.49614 0.30027 0.09985 0.00088 0.09756
0.00263 0.00261 0.40135 0.09883 0.10254 0.09688
0.30282 0.00055 0.20034 0.19586 0.09782 0.30240
0.00024 0.50071 0.09774 0.00000 0.00298 0.40391
0.00001 0.00000 0.00030 0.60546 0.00284 0.09925
0.00000 0.00000 0.00000 0.00000 0.79294 0.00000
