initial: 6
0.71960 0.00040 0.09193 0.18807 0.00000 0.00000

transition: 6
0.30862 0.00185 0.49232 0.00050 0.00000 0.19671
0.00077 0.20170 0.79563 0.00189 0.00000 0.00000
0.00055 0.50028 0.20053 0.29863 0.00000 0.00000
0.00005 0.20166 0.00001 0.59752 0.00000 0.20076
0.10492 0.00000 0.00000 0.00000 0.49958 0.39550
0.00009 0.39549 0.00000 0.00000 0.30108 0.30334

observation: 6
0.99552 0.49823 0.29761 0.09811 0.00068 0.09888
0.00234 0.00032 0.40063 0.09965 0.10426 0.09733
0.00214 0.00247 0.20057 0.80224 0.09105 0.30922
0.00000 0.49899 0.10112 0.00000 0.00574 0.39565
0.00000 0.00000 0.00008 0.00000 0.00260 0.09892
0.00000 0.00000 0.00000 0.00000 0.79566 0.00000
