initial: 6
0.00000 0.11680 0.08649 0.20989 0.00000 0.58682

transition: 6
0.20181 0.24257 0.55561 0.00001 0.00000 0.00000
0.07121 0.29617 0.45161 0.02168 0.00000 0.15933
0.50043 0.01075 0.17772 0.31111 0.00000 0.00000
0.20058 0.00195 0.00158 0.59835 0.00000 0.19754
0.00000 0.10580 0.00000 0.00000 0.50688 0.38732
0.39937 0.00029 0.00000 0.00000 0.30795 0.29239

observation: 6
0.49114 0.68000 0.28442 0.10082 0.00267 0.09671
0.00374 0.01513 0.41977 0.09762 0.10115 0.09582
0.00002 0.29091 0.19515 0.19634 0.10108 0.30229
0.50510 0.01395 0.10011 0.00000 0.00600 0.40313
0.00000 0.00001 0.00055 0.60522 0.00200 0.10204
0.00000 0.00000 0.00000 0.00000 0.78709 0.00000
