initial: 6
0.50763 0.49237 0.00000 0.00000 0.00000 0.00000

transition: 6
0.29188 0.50801 0.00665 0.19304 0.00000 0.00042
0.00081 0.50190 0.19883 0.00000 0.00000 0.29847
0.00218 0.00020 0.20261 0.78873 0.00000 0.00628
0.00014 0.00114 0.00444 0.28138 0.51293 0.19996
0.00000 0.00000 0.00000 0.00000 0.50079 0.49921
0.59869 0.00000 0.20653 0.19478 0.00000 0.00000

observation: 6
0.00017 0.29980 0.00153 0.10012 0.29873 0.09836
0.09987 0.39658 0.00000 0.10145 0.00000 0.10062
0.40445 0.19996 0.49017 0.29586 0.30231 0.00000
0.49551 0.10366 0.50660 0.40262 0.00000 0.00000
0.00000 0.00000 0.00170 0.09995 0.00000 0.80103
0.00000 0.00000 0.00000 0.00000 0.39896 0.00000
