initial: 6
0.71784 0.00247 0.09214 0.18754 0.00000 0.00000

transition: 6
0.29592 0.00762 0.50658 0.00028 0.00000 0.18959
0.19881 0.20114 0.59968 0.00000 0.00036 0.00001
0.00251 0.49618 0.20159 0.29972 0.00000 0.00001
0.00001 0.20189 0.00088 0.59735 0.00000 0.19988
0.10738 0.00000 0.00000 0.00000 0.50013 0.39249
0.00013 0.39442 0.00000 0.00000 0.30407 0.30137

observation: 6
0.69598 0.49827 0.30247 0.10012 0.00002 0.09743
0.00112 0.00046 0.39828 0.09923 0.10289 0.09737
0.30290 0.00012 0.20041 0.19623 0.09766 0.30223
0.00000 0.50115 0.09878 0.00000 0.00071 0.40387
0.00000 0.00000 0.00007 0.60441 0.00285 0.09910
0.00000 0.00000 0.00000 0.00000 0.79587 0.00000
