initial: 6
0.72815 0.00093 0.08527 0.18565 0.00000 0.00000

transition: 6
0.29610 0.02765 0.49038 0.00356 0.00000 0.18230
0.20587 0.21142 0.58131 0.00139 0.00000 0.00001
0.00536 0.50474 0.18433 0.30521 0.00000 0.00036
0.00109 0.20317 0.00016 0.59629 0.00000 0.19929
0.10769 0.00000 0.00000 0.00000 0.50391 0.38840
0.00238 0.39458 0.00000 0.00000 0.30709 0.29595

observation: 6
0.69197 0.49362 0.29690 0.09931 0.00190 0.09665
0.00438 0.00559 0.40589 0.09794 0.10246 0.09598
0.30219 0.00102 0.20084 0.19560 0.09755 0.30351
0.00144 0.49977 0.09579 0.00000 0.00449 0.40421
0.00002 0.00000 0.00057 0.60715 0.00265 0.09965
0.00000 0.00000 0.00000 0.00000 0.79096 0.00000
