initial: 6
0.49274 0.50726 0.00000 0.00000 0.00000 0.00000

transition: 6
0.27594 0.42873 0.01126 0.28163 0.00023 0.00221
0.00654 0.50503 0.20034 0.00022 0.00006 0.28781
0.00698 0.00180 0.21660 0.77106 0.00049 0.00307
0.00045 0.00657 0.00779 0.24768 0.53125 0.20625
0.00000 0.00000 0.00000 0.00000 0.50088 0.49912
0.73208 0.00019 0.08312 0.18460 0.00000 0.00000

observation: 6
0.00013 0.29751 0.00921 0.10166 0.29820 0.09726
0.08430 0.39892 0.00023 0.09941 0.00000 0.09948
0.41651 0.19844 0.47725 0.29591 0.30256 0.00000
0.49906 0.10514 0.48894 0.40357 0.00000 0.00000
0.00000 0.00000 0.02437 0.09946 0.00000 0.80325
0.00000 0.00000 0.00000 0.00000 0.39923 0.00000
