initial: 6
0.00000 0.10702 0.09398 0.21012 0.00000 0.58889

transition: 6
0.20300 0.21283 0.58416 0.00000 0.00000 0.00000
0.03138 0.28785 0.49608 0.00376 0.00000 0.18093
0.49630 0.00750 0.19122 0.30498 0.00000 0.00000
0.20036 0.00074 0.00127 0.59857 0.00000 0.19905
0.00000 0.10337 0.00000 0.00000 0.50411 0.39251
0.39838 0.00010 0.00000 0.00000 0.30456 0.29697

observation: 6
0.49391 0.69339 0.29805 0.10048 0.00058 0.09875
0.00253 0.00524 0.40455 0.09864 0.10243 0.09595
0.00001 0.29725 0.19892 0.19634 0.09931 0.30148
0.50355 0.00411 0.09819 0.00000 0.00456 0.40244
0.00000 0.00000 0.00030 0.60454 0.00207 0.10138
0.00000 0.00000 0.00000 0.00000 0.79104 0.00000
