initial: 6
0.72091 0.00001 0.09185 0.18723 0.00000 0.00000

transition: 6
0.30821 0.00782 0.48530 0.00178 0.00000 0.19688
0.00060 0.21342 0.77890 0.00708 0.00000 0.00000
0.00139 0.50793 0.19148 0.29919 0.00000 0.00000
0.00071 0.20214 0.00001 0.59591 0.00000 0.20122
0.10492 0.00000 0.00000 0.00000 0.50505 0.39002
0.00042 0.39885 0.00000 0.00000 0.30277 0.29796

observation: 6
0.99498 0.49642 0.29589 0.09680 0.00219 0.09825
0.00224 0.00225 0.40593 0.09923 0.10452 0.09633
0.00252 0.00474 0.20068 0.80396 0.09146 0.31058
0.00027 0.49659 0.09750 0.00001 0.01046 0.39574
0.00000 0.00000 0.00000 0.00000 0.00368 0.09911
0.00000 0.00000 0.00000 0.00000 0.78769 0.00000
