initial: 6
0.72430 0.02239 0.11206 0.14125 0.00000 0.00000

transition: 6
0.42034 0.42372 0.10644 0.00593 0.02074 0.02283
0.18523 0.56751 0.22315 0.01740 0.00233 0.00438
0.19039 0.13521 0.06939 0.57945 0.00688 0.01868
0.22638 0.11546 0.05765 0.48383 0.03472 0.08197
0.05576 0.01658 0.00079 0.00166 0.62759 0.29761
0.34693 0.05564 0.00153 0.00021 0.22688 0.36881

observation: 6
0.46453 0.43186 0.26989 0.04426 0.02725 0.03584
0.05592 0.19217 0.38644 0.02494 0.11642 0.05563
0.22098 0.07245 0.25605 0.15557 0.18257 0.21361
0.25593 0.30221 0.01381 0.02274 0.09552 0.36512
0.00265 0.00131 0.07381 0.75248 0.02036 0.07124
0.00000 0.00000 0.00000 0.00000 0.55789 0.25857
