initial: 6
0.71960 0.00049 0.09175 0.18815 0.00000 0.00000

transition: 6
0.30871 0.00150 0.49273 0.00037 0.00000 0.19669
0.00080 0.20117 0.79657 0.00146 0.00000 0.00000
0.00045 0.49983 0.20102 0.29871 0.00000 0.00000
0.00003 0.20163 0.00001 0.59763 0.00000 0.20070
0.10493 0.00000 0.00000 0.00000 0.49897 0.39609
0.00006 0.39512 0.00000 0.00000 0.30090 0.30392

observation: 6
0.99546 0.49839 0.29764 0.09821 0.00053 0.09892
0.00241 0.00020 0.40032 0.09969 0.10423 0.09739
0.00213 0.00226 0.20071 0.80210 0.09098 0.30909
0.00000 0.49914 0.10126 0.00000 0.00520 0.39569
0.00000 0.00001 0.00008 0.00000 0.00248 0.09891
0.00000 0.00000 0.00000 0.00000 0.79658 0.00000
