initial: 6
0.00000 0.10267 0.09721 0.21029 0.00000 0.58982

transition: 6
0.20255 0.20119 0.59597 0.00000 0.00029 0.00000
0.00609 0.28748 0.51665 0.00001 0.00005 0.18973
0.49576 0.00531 0.19789 0.30105 0.00000 0.00000
0.20063 0.00001 0.00101 0.59883 0.00000 0.19953
0.00000 0.10162 0.00000 0.00000 0.50209 0.39629
0.39799 0.00001 0.00000 0.00000 0.30254 0.29946

observation: 6
0.49555 0.70094 0.30279 0.10048 0.00000 0.09915
0.00159 0.00055 0.39854 0.09944 0.10325 0.09592
0.00000 0.29846 0.20041 0.19648 0.09823 0.30170
0.50286 0.00005 0.09819 0.00000 0.00264 0.40221
0.00000 0.00000 0.00006 0.60360 0.00200 0.10102
0.00000 0.00000 0.00000 0.00000 0.79387 0.00000
