initial: 6
0.71960 0.00041 0.09190 0.18809 0.00000 0.00000

transition: 6
0.30863 0.00180 0.49238 0.00048 0.00000 0.19671
0.00077 0.20163 0.79577 0.00183 0.00000 0.00000
0.00054 0.50021 0.20061 0.29864 0.00000 0.00000
0.00005 0.20165 0.00001 0.59754 0.00000 0.20075
0.10492 0.00000 0.00000 0.00000 0.49949 0.39559
0.00008 0.39544 0.00000 0.00000 0.30106 0.30342

observation: 6
0.99551 0.49825 0.29761 0.09812 0.00066 0.09889
0.00235 0.00030 0.40058 0.09965 0.10425 0.09734
0.00214 0.00244 0.20059 0.80222 0.09104 0.30920
0.00000 0.49901 0.10114 0.00000 0.00567 0.39566
0.00000 0.00000 0.00008 0.00000 0.00259 0.09892
0.00000 0.00000 0.00000 0.00000 0.79579 0.00000
