initial: 6
0.72223 0.00000 0.09098 0.18679 0.00000 0.00000

transition: 6
0.30826 0.01173 0.48091 0.00231 0.00000 0.19680
0.00064 0.22228 0.76733 0.00975 0.00000 0.00000
0.00178 0.51281 0.18541 0.30000 0.00000 0.00000
0.00115 0.20259 0.00001 0.59495 0.00000 0.20129
0.10500 0.00000 0.00000 0.00000 0.50743 0.38757
0.00061 0.40032 0.00000 0.00000 0.30383 0.29524

observation: 6
0.99417 0.49548 0.29421 0.09590 0.00288 0.09784
0.00240 0.00350 0.40953 0.09903 0.10463 0.09577
0.00280 0.00585 0.20167 0.80506 0.09152 0.31131
0.00063 0.49517 0.09459 0.00001 0.01251 0.39587
0.00000 0.00000 0.00000 0.00000 0.00414 0.09921
0.00000 0.00000 0.00000 0.00000 0.78433 0.00000
