initial: 6
0.50739 0.49261 0.00000 0.00000 0.00000 0.00000

transition: 6
0.29024 0.50010 0.00754 0.20028 0.00000 0.00184
0.00292 0.50108 0.19865 0.00003 0.00000 0.29732
0.00261 0.00048 0.20822 0.78439 0.00007 0.00423
0.00017 0.00263 0.00509 0.27058 0.51939 0.20215
0.00000 0.00000 0.00000 0.00000 0.50089 0.49911
0.60948 0.00004 0.19911 0.19136 0.00000 0.00000

observation: 6
0.00005 0.29989 0.00350 0.10052 0.29842 0.09800
0.09881 0.39676 0.00001 0.10132 0.00000 0.10041
0.40530 0.19975 0.48756 0.29543 0.30253 0.00000
0.49583 0.10360 0.50441 0.40282 0.00000 0.00000
0.00000 0.00000 0.00452 0.09992 0.00000 0.80159
0.00000 0.00000 0.00000 0.00000 0.39905 0.00000
