initial: 6
0.71842 0.00258 0.09152 0.18749 0.00000 0.00000

transition: 6
0.29580 0.00884 0.50560 0.00050 0.00000 0.18925
0.19922 0.20158 0.59886 0.00002 0.00033 0.00001
0.00277 0.49659 0.20054 0.30007 0.00000 0.00004
0.00005 0.20207 0.00037 0.59755 0.00000 0.19996
0.10739 0.00000 0.00000 0.00000 0.50056 0.39205
0.00029 0.39462 0.00000 0.00000 0.30415 0.30094

observation: 6
0.69576 0.49799 0.30220 0.10014 0.00009 0.09748
0.00134 0.00079 0.39861 0.09933 0.10275 0.09740
0.30290 0.00019 0.20038 0.19618 0.09776 0.30225
0.00000 0.50103 0.09870 0.00000 0.00120 0.40378
0.00000 0.00000 0.00011 0.60435 0.00291 0.09910
0.00000 0.00000 0.00000 0.00000 0.79529 0.00000
