initial: 6
0.71960 0.00032 0.09205 0.18802 0.00000 0.00000

transition: 6
0.30857 0.00209 0.49200 0.00058 0.00000 0.19676
0.00076 0.20201 0.79504 0.00218 0.00000 0.00000
0.00062 0.50058 0.20017 0.29862 0.00000 0.00000
0.00007 0.20164 0.00001 0.59745 0.00000 0.20083
0.10491 0.00000 0.00000 0.00000 0.49996 0.39513
0.00010 0.39572 0.00000 0.00000 0.30110 0.30308

observation: 6
0.99556 0.49812 0.29759 0.09808 0.00078 0.09886
0.00229 0.00040 0.40084 0.09962 0.10428 0.09728
0.00215 0.00260 0.20047 0.80230 0.09110 0.30929
0.00000 0.49888 0.10104 0.00000 0.00608 0.39563
0.00000 0.00000 0.00006 0.00000 0.00267 0.09894
0.00000 0.00000 0.00000 0.00000 0.79509 0.00000
