initial: 6
0.50772 0.49228 0.00000 0.00000 0.00000 0.00000

transition: 6
0.29172 0.50782 0.00692 0.19292 0.00000 0.00062
0.00108 0.50174 0.19877 0.00000 0.00000 0.29841
0.00207 0.00024 0.20301 0.78866 0.00000 0.00601
0.00013 0.00134 0.00445 0.28064 0.51336 0.20007
0.00000 0.00000 0.00000 0.00000 0.50079 0.49921
0.59890 0.00001 0.20658 0.19451 0.00000 0.00000

observation: 6
0.00012 0.29984 0.00174 0.10016 0.29870 0.09833
0.09988 0.39660 0.00000 0.10146 0.00000 0.10061
0.40448 0.19994 0.48991 0.29581 0.30233 0.00000
0.49553 0.10362 0.50643 0.40262 0.00000 0.00000
0.00000 0.00000 0.00191 0.09994 0.00000 0.80107
0.00000 0.00000 0.00000 0.00000 0.39897 0.00000
