initial: 6
0.50783 0.49217 0.00000 0.00000 0.00000 0.00000

transition: 6
0.29154 0.50753 0.00716 0.19292 0.00000 0.00085
0.00139 0.50157 0.19872 0.00000 0.00000 0.29832
0.00205 0.00029 0.20357 0.78839 0.00001 0.00569
0.00013 0.00155 0.00450 0.27956 0.51401 0.20025
0.00000 0.00000 0.00000 0.00000 0.50080 0.49920
0.59928 0.00001 0.20658 0.19413 0.00000 0.00000

observation: 6
0.00008 0.29987 0.00198 0.10021 0.29866 0.09828
0.09987 0.39660 0.00000 0.10147 0.00000 0.10059
0.40450 0.19993 0.48958 0.29574 0.30235 0.00000
0.49554 0.10360 0.50623 0.40263 0.00000 0.00000
0.00000 0.00000 0.00221 0.09994 0.00000 0.80113
0.00000 0.00000 0.00000 0.00000 0.39899 0.00000
