initial: 6
0.71989 0.00005 0.09238 0.18768 0.00000 0.00000

transition: 6
0.30832 0.00415 0.48947 0.00113 0.00000 0.19692
0.00062 0.20567 0.78954 0.00418 0.00000 0.00000
0.00097 0.50319 0.19714 0.29870 0.00000 0.00000
0.00029 0.20172 0.00001 0.59687 0.00000 0.20112
0.10488 0.00000 0.00000 0.00000 0.50227 0.39284
0.00023 0.39710 0.00000 0.00000 0.30163 0.30105

observation: 6
0.99553 0.49742 0.29719 0.09769 0.00140 0.09866
0.00217 0.00106 0.40264 0.09945 0.10440 0.09690
0.00226 0.00351 0.20022 0.80285 0.09135 0.30979
0.00004 0.49801 0.09996 0.00000 0.00805 0.39563
0.00000 0.00000 0.00000 0.00000 0.00313 0.09903
0.00000 0.00000 0.00000 0.00000 0.79168 0.00000
