initial: 6
0.50782 0.49218 0.00000 0.00000 0.00000 0.00000

transition: 6
0.29156 0.50757 0.00713 0.19291 0.00000 0.00083
0.00135 0.50159 0.19872 0.00000 0.00000 0.29834
0.00205 0.00028 0.20350 0.78844 0.00001 0.00573
0.00013 0.00152 0.00449 0.27970 0.51393 0.20022
0.00000 0.00000 0.00000 0.00000 0.50080 0.49920
0.59922 0.00001 0.20659 0.19418 0.00000 0.00000

observation: 6
0.00008 0.29987 0.00195 0.10021 0.29866 0.09829
0.09988 0.39660 0.00000 0.10147 0.00000 0.10059
0.40450 0.19993 0.48962 0.29575 0.30235 0.00000
0.49554 0.10360 0.50626 0.40263 0.00000 0.00000
0.00000 0.00000 0.00217 0.09994 0.00000 0.80112
0.00000 0.00000 0.00000 0.00000 0.39899 0.00000
