initial: 6
0.00002 0.15256 0.05918 0.20899 0.00000 0.57925

transition: 6
0.17240 0.42183 0.40556 0.00010 0.00001 0.00009
0.14787 0.38126 0.29106 0.08938 0.00000 0.09044
0.53175 0.02144 0.11162 0.33518 0.00001 0.00001
0.19808 0.00954 0.00377 0.59553 0.00002 0.19307
0.00031 0.11058 0.00000 0.00000 0.51877 0.37034
0.40211 0.00292 0.00000 0.00000 0.32147 0.27350

observation: 6
0.47526 0.61890 0.19777 0.10119 0.00943 0.09501
0.00713 0.06328 0.51299 0.09470 0.09854 0.09117
0.00028 0.23703 0.18521 0.19505 0.10742 0.31053
0.51730 0.08076 0.10140 0.00000 0.01267 0.39944
0.00003 0.00004 0.00264 0.60906 0.00263 0.10385
0.00000 0.00000 0.00000 0.00000 0.76933 0.00000
