initial: 6
0.71958 0.00053 0.09168 0.18821 0.00000 0.00000

transition: 6
0.30880 0.00113 0.49320 0.00022 0.00000 0.19665
0.00086 0.20067 0.79750 0.00098 0.00000 0.00000
0.00032 0.49940 0.20148 0.29880 0.00000 0.00000
0.00001 0.20166 0.00001 0.59777 0.00000 0.20055
0.10495 0.00000 0.00000 0.00000 0.49829 0.39677
0.00003 0.39470 0.00000 0.00000 0.30079 0.30448

observation: 6
0.99543 0.49852 0.29766 0.09830 0.00036 0.09895
0.00246 0.00010 0.40001 0.09973 0.10420 0.09740
0.00211 0.00202 0.20088 0.80196 0.09087 0.30897
0.00000 0.49929 0.10140 0.00000 0.00455 0.39581
0.00000 0.00007 0.00004 0.00000 0.00235 0.09887
0.00000 0.00000 0.00000 0.00000 0.79767 0.00000
