initial: 6
0.50570 0.49430 0.00000 0.00000 0.00000 0.00000

transition: 6
0.28863 0.48841 0.00778 0.21305 0.00002 0.00212
0.00368 0.50150 0.19863 0.00005 0.00000 0.29614
0.00316 0.00061 0.21052 0.78190 0.00011 0.00370
0.00021 0.00329 0.00550 0.26463 0.52284 0.20353
0.00000 0.00000 0.00000 0.00000 0.50092 0.49908
0.62628 0.00007 0.18394 0.18971 0.00000 0.00000

observation: 6
0.00006 0.29966 0.00456 0.10068 0.29833 0.09784
0.09672 0.39709 0.00001 0.10095 0.00000 0.10023
0.40677 0.19950 0.48661 0.29541 0.30261 0.00000
0.49645 0.10375 0.50234 0.40309 0.00000 0.00000
0.00000 0.00000 0.00648 0.09987 0.00000 0.80194
0.00000 0.00000 0.00000 0.00000 0.39906 0.00000
