initial: 6
0.72059 0.00001 0.09205 0.18735 0.00000 0.00000

transition: 6
0.30822 0.00678 0.48649 0.00162 0.00000 0.19690
0.00059 0.21113 0.78198 0.00630 0.00000 0.00000
0.00128 0.50659 0.19312 0.29901 0.00000 0.00000
0.00059 0.20202 0.00001 0.59618 0.00000 0.20120
0.10491 0.00000 0.00000 0.00000 0.50434 0.39075
0.00036 0.39841 0.00000 0.00000 0.30247 0.29877

observation: 6
0.99517 0.49669 0.29630 0.09705 0.00199 0.09836
0.00220 0.00191 0.40498 0.09929 0.10449 0.09648
0.00244 0.00442 0.20049 0.80365 0.09144 0.31037
0.00018 0.49698 0.09824 0.00001 0.00984 0.39571
0.00000 0.00000 0.00000 0.00000 0.00354 0.09908
0.00000 0.00000 0.00000 0.00000 0.78871 0.00000
