initial: 6
0.71984 0.00006 0.09238 0.18771 0.00000 0.00000

transition: 6
0.30834 0.00394 0.48972 0.00108 0.00000 0.19692
0.00063 0.20525 0.79014 0.00399 0.00000 0.00000
0.00094 0.50291 0.19746 0.29869 0.00000 0.00000
0.00027 0.20169 0.00001 0.59692 0.00000 0.20111
0.10488 0.00000 0.00000 0.00000 0.50208 0.39304
0.00021 0.39698 0.00000 0.00000 0.30155 0.30126

observation: 6
0.99555 0.49749 0.29725 0.09775 0.00134 0.09868
0.00217 0.00099 0.40245 0.09946 0.10439 0.09694
0.00225 0.00342 0.20021 0.80278 0.09134 0.30973
0.00003 0.49809 0.10009 0.00000 0.00788 0.39562
0.00000 0.00000 0.00000 0.00000 0.00309 0.09902
0.00000 0.00000 0.00000 0.00000 0.79196 0.00000
