initial: 6
0.71905 0.00268 0.09088 0.18739 0.00000 0.00000

transition: 6
0.29571 0.01015 0.50449 0.00072 0.00000 0.18893
0.19976 0.20199 0.59797 0.00005 0.00023 0.00001
0.00304 0.49694 0.19953 0.30041 0.00000 0.00008
0.00011 0.20207 0.00024 0.59755 0.00000 0.20003
0.10737 0.00000 0.00000 0.00000 0.50095 0.39168
0.00045 0.39458 0.00000 0.00000 0.30432 0.30065

observation: 6
0.69550 0.49766 0.30192 0.10011 0.00020 0.09764
0.00160 0.00109 0.39903 0.09928 0.10269 0.09732
0.30290 0.00025 0.20033 0.19611 0.09781 0.30218
0.00000 0.50100 0.09858 0.00000 0.00160 0.40378
0.00000 0.00000 0.00015 0.60450 0.00294 0.09908
0.00000 0.00000 0.00000 0.00000 0.79476 0.00000
