initial: 6
0.71960 0.00038 0.09196 0.18806 0.00000 0.00000

transition: 6
0.30861 0.00191 0.49226 0.00052 0.00000 0.19671
0.00077 0.20178 0.79549 0.00196 0.00000 0.00000
0.00057 0.50035 0.20046 0.29862 0.00000 0.00000
0.00006 0.20166 0.00001 0.59750 0.00000 0.20077
0.10492 0.00000 0.00000 0.00000 0.49967 0.39542
0.00009 0.39555 0.00000 0.00000 0.30110 0.30326

observation: 6
0.99553 0.49820 0.29760 0.09809 0.00070 0.09888
0.00233 0.00033 0.40067 0.09964 0.10426 0.09732
0.00214 0.00250 0.20055 0.80226 0.09106 0.30924
0.00000 0.49896 0.10110 0.00000 0.00582 0.39565
0.00000 0.00000 0.00008 0.00000 0.00262 0.09892
0.00000 0.00000 0.00000 0.00000 0.79553 0.00000
