initial: 6
0.00000 0.10575 0.09486 0.21017 0.00000 0.58922

transition: 6
0.20295 0.20951 0.58754 0.00000 0.00000 0.00000
0.02512 0.28736 0.50164 0.00220 0.00000 0.18368
0.49599 0.00697 0.19301 0.30403 0.00000 0.00000
0.20035 0.00054 0.00121 0.59863 0.00000 0.19927
0.00000 0.10293 0.00000 0.00000 0.50365 0.39342
0.39819 0.00007 0.00000 0.00000 0.30403 0.29771

observation: 6
0.49433 0.69532 0.29947 0.10046 0.00032 0.09908
0.00229 0.00399 0.40285 0.09884 0.10264 0.09595
0.00000 0.29779 0.19934 0.19636 0.09904 0.30141
0.50337 0.00289 0.09809 0.00000 0.00424 0.40231
0.00000 0.00000 0.00025 0.60434 0.00208 0.10125
0.00000 0.00000 0.00000 0.00000 0.79168 0.00000
