initial: 6
0.50785 0.49215 0.00000 0.00000 0.00000 0.00000

transition: 6
0.29150 0.50743 0.00721 0.19295 0.00000 0.00091
0.00147 0.50153 0.19871 0.00000 0.00000 0.29830
0.00205 0.00030 0.20374 0.78829 0.00001 0.00561
0.00013 0.00160 0.00452 0.27925 0.51420 0.20030
0.00000 0.00000 0.00000 0.00000 0.50080 0.49920
0.59940 0.00001 0.20656 0.19402 0.00000 0.00000

observation: 6
0.00007 0.29988 0.00204 0.10023 0.29865 0.09827
0.09987 0.39660 0.00000 0.10148 0.00000 0.10059
0.40451 0.19993 0.48948 0.29573 0.30236 0.00000
0.49555 0.10359 0.50618 0.40263 0.00000 0.00000
0.00000 0.00000 0.00229 0.09994 0.00000 0.80114
0.00000 0.00000 0.00000 0.00000 0.39899 0.00000
