initial: 6
0.50299 0.49701 0.00000 0.00000 0.00000 0.00000

transition: 6
0.22259 0.41875 0.03997 0.30462 0.00914 0.00492
0.03169 0.47000 0.22223 0.01011 0.01809 0.24787
0.08171 0.02509 0.14429 0.71866 0.02349 0.00675
0.00542 0.03663 0.02672 0.26760 0.50270 0.16093
0.00000 0.00051 0.00001 0.00000 0.50559 0.49389
0.82988 0.00097 0.00907 0.15785 0.00222 0.00000

observation: 6
0.00156 0.30265 0.04160 0.07190 0.30593 0.09328
0.07667 0.40855 0.02931 0.08394 0.00038 0.09534
0.42459 0.18986 0.39905 0.30448 0.30187 0.00000
0.49719 0.09858 0.37595 0.43880 0.00002 0.00000
0.00000 0.00036 0.15409 0.10088 0.00131 0.81137
0.00000 0.00000 0.00000 0.00000 0.39049 0.00000
