initial: 6
0.00000 0.10408 0.09599 0.21026 0.00000 0.58967

transition: 6
0.20276 0.20528 0.59195 0.00000 0.00001 0.00000
0.01598 0.28711 0.50902 0.00065 0.00000 0.18724
0.49572 0.00617 0.19543 0.30268 0.00000 0.00000
0.20036 0.00025 0.00110 0.59874 0.00000 0.19955
0.00000 0.10226 0.00000 0.00000 0.50295 0.39479
0.39791 0.00003 0.00000 0.00000 0.30327 0.29880

observation: 6
0.49495 0.69801 0.30124 0.10046 0.00005 0.09947
0.00193 0.00236 0.40065 0.09915 0.10293 0.09592
0.00000 0.29834 0.19986 0.19642 0.09864 0.30135
0.50311 0.00129 0.09806 0.00000 0.00364 0.40219
0.00000 0.00000 0.00018 0.60397 0.00207 0.10106
0.00000 0.00000 0.00000 0.00000 0.79266 0.00000
