initial: 6
0.72111 0.00000 0.09173 0.18716 0.00000 0.00000

transition: 6
0.30821 0.00844 0.48461 0.00187 0.00000 0.19687
0.00060 0.21479 0.77708 0.00752 0.00000 0.00000
0.00146 0.50871 0.19053 0.29931 0.00000 0.00000
0.00078 0.20222 0.00001 0.59576 0.00000 0.20123
0.10493 0.00000 0.00000 0.00000 0.50545 0.38961
0.00045 0.39910 0.00000 0.00000 0.30295 0.29751

observation: 6
0.99486 0.49626 0.29564 0.09666 0.00231 0.09818
0.00226 0.00245 0.40649 0.09920 0.10454 0.09624
0.00256 0.00493 0.20081 0.80414 0.09147 0.31070
0.00032 0.49636 0.09705 0.00001 0.01080 0.39576
0.00000 0.00000 0.00000 0.00000 0.00376 0.09912
0.00000 0.00000 0.00000 0.00000 0.78713 0.00000
