initial: 6
0.50791 0.49209 0.00000 0.00000 0.00000 0.00000

transition: 6
0.29101 0.50553 0.00745 0.19455 0.00000 0.00144
0.00221 0.50117 0.19866 0.00001 0.00000 0.29795
0.00225 0.00039 0.20582 0.78665 0.00004 0.00485
0.00015 0.00210 0.00476 0.27544 0.51651 0.20105
0.00000 0.00000 0.00000 0.00000 0.50084 0.49916
0.60202 0.00002 0.20517 0.19279 0.00000 0.00000

observation: 6
0.00005 0.29993 0.00271 0.10036 0.29853 0.09814
0.09967 0.39662 0.00001 0.10146 0.00000 0.10052
0.40469 0.19988 0.48851 0.29556 0.30244 0.00000
0.49559 0.10357 0.50553 0.40268 0.00000 0.00000
0.00000 0.00000 0.00325 0.09993 0.00000 0.80134
0.00000 0.00000 0.00000 0.00000 0.39903 0.00000
