initial: 6
0.73487 0.00008 0.08055 0.18450 0.00000 0.00000

transition: 6
0.29713 0.04049 0.47988 0.00535 0.00000 0.17715
0.21019 0.22195 0.56482 0.00303 0.00000 0.00001
0.00672 0.51359 0.16888 0.31025 0.00000 0.00056
0.00179 0.20451 0.00022 0.59513 0.00000 0.19835
0.10787 0.00000 0.00000 0.00000 0.50565 0.38648
0.00390 0.39458 0.00000 0.00000 0.30910 0.29241

observation: 6
0.68888 0.49028 0.29221 0.09861 0.00291 0.09580
0.00693 0.00997 0.41240 0.09686 0.10264 0.09444
0.30170 0.00159 0.20199 0.19538 0.09711 0.30492
0.00245 0.49816 0.09244 0.00000 0.00589 0.40488
0.00004 0.00001 0.00096 0.60915 0.00261 0.09997
0.00000 0.00000 0.00000 0.00000 0.78885 0.00000
