initial: 6
0.71960 0.00050 0.09174 0.18816 0.00000 0.00000

transition: 6
0.30872 0.00146 0.49277 0.00035 0.00000 0.19669
0.00080 0.20112 0.79667 0.00141 0.00000 0.00000
0.00043 0.49978 0.20107 0.29872 0.00000 0.00000
0.00002 0.20163 0.00001 0.59765 0.00000 0.20069
0.10493 0.00000 0.00000 0.00000 0.49891 0.39616
0.00006 0.39508 0.00000 0.00000 0.30089 0.30397

observation: 6
0.99546 0.49840 0.29764 0.09822 0.00051 0.09892
0.00242 0.00019 0.40029 0.09969 0.10423 0.09740
0.00213 0.00223 0.20072 0.80209 0.09097 0.30908
0.00000 0.49916 0.10128 0.00000 0.00514 0.39569
0.00000 0.00001 0.00007 0.00000 0.00247 0.09891
0.00000 0.00000 0.00000 0.00000 0.79668 0.00000
