initial: 6
0.71867 0.00262 0.09126 0.18745 0.00000 0.00000

transition: 6
0.29576 0.00936 0.50518 0.00059 0.00000 0.18912
0.19942 0.20174 0.59851 0.00003 0.00030 0.00001
0.00288 0.49673 0.20014 0.30020 0.00000 0.00005
0.00007 0.20208 0.00030 0.59756 0.00000 0.19999
0.10739 0.00000 0.00000 0.00000 0.50072 0.39189
0.00035 0.39463 0.00000 0.00000 0.30422 0.30080

observation: 6
0.69565 0.49786 0.30209 0.10013 0.00013 0.09752
0.00144 0.00091 0.39877 0.09931 0.10273 0.09738
0.30290 0.00022 0.20036 0.19615 0.09778 0.30224
0.00000 0.50102 0.09866 0.00000 0.00137 0.40377
0.00000 0.00000 0.00013 0.60440 0.00293 0.09909
0.00000 0.00000 0.00000 0.00000 0.79507 0.00000
