initial: 6
0.50749 0.49251 0.00000 0.00000 0.00000 0.00000

transition: 6
0.29203 0.50831 0.00622 0.19329 0.00000 0.00016
0.00039 0.50214 0.19894 0.00000 0.00000 0.29852
0.00272 0.00013 0.20196 0.78858 0.00000 0.00662
0.00017 0.00074 0.00445 0.28232 0.51246 0.19987
0.00000 0.00000 0.00000 0.00000 0.50078 0.49922
0.59847 0.00000 0.20644 0.19509 0.00000 0.00000

observation: 6
0.00026 0.29974 0.00119 0.10009 0.29877 0.09840
0.09988 0.39655 0.00000 0.10143 0.00000 0.10062
0.40440 0.19998 0.49051 0.29592 0.30229 0.00000
0.49546 0.10372 0.50684 0.40261 0.00000 0.00000
0.00000 0.00000 0.00146 0.09995 0.00000 0.80098
0.00000 0.00000 0.00000 0.00000 0.39894 0.00000
