initial: 6
0.73348 0.00012 0.08168 0.18472 0.00000 0.00000

transition: 6
0.29688 0.03773 0.48213 0.00500 0.00000 0.17826
0.20926 0.21948 0.56861 0.00264 0.00000 0.00001
0.00642 0.51149 0.17252 0.30905 0.00000 0.00052
0.00164 0.20421 0.00020 0.59539 0.00000 0.19856
0.10785 0.00000 0.00000 0.00000 0.50526 0.38689
0.00356 0.39459 0.00000 0.00000 0.30867 0.29319

observation: 6
0.68956 0.49105 0.29327 0.09876 0.00270 0.09596
0.00635 0.00894 0.41091 0.09709 0.10257 0.09482
0.30179 0.00146 0.20170 0.19542 0.09720 0.30462
0.00226 0.49854 0.09325 0.00000 0.00561 0.40470
0.00004 0.00001 0.00087 0.60872 0.00260 0.09990
0.00000 0.00000 0.00000 0.00000 0.78932 0.00000
