initial: 6
0.49154 0.50846 0.00000 0.00000 0.00000 0.00000

transition: 6
0.27428 0.42383 0.01197 0.28742 0.00029 0.00219
0.00696 0.50518 0.20084 0.00026 0.00008 0.28668
0.00769 0.00206 0.21705 0.76951 0.00059 0.00310
0.00049 0.00704 0.00820 0.24656 0.53153 0.20618
0.00000 0.00000 0.00000 0.00000 0.50088 0.49912
0.74264 0.00020 0.07300 0.18416 0.00000 0.00000

observation: 6
0.00014 0.29735 0.00964 0.10177 0.29820 0.09721
0.08319 0.39918 0.00031 0.09932 0.00000 0.09942
0.41746 0.19831 0.47538 0.29590 0.30255 0.00000
0.49921 0.10517 0.48718 0.40356 0.00000 0.00000
0.00000 0.00000 0.02750 0.09945 0.00000 0.80336
0.00000 0.00000 0.00000 0.00000 0.39924 0.00000
