initial: 6
0.71831 0.00256 0.09164 0.18750 0.00000 0.00000

transition: 6
0.29582 0.00860 0.50579 0.00046 0.00000 0.18932
0.19913 0.20150 0.59902 0.00001 0.00034 0.00001
0.00272 0.49652 0.20072 0.30001 0.00000 0.00003
0.00004 0.20205 0.00041 0.59754 0.00000 0.19995
0.10739 0.00000 0.00000 0.00000 0.50048 0.39213
0.00026 0.39460 0.00000 0.00000 0.30412 0.30101

observation: 6
0.69580 0.49805 0.30225 0.10015 0.00007 0.09746
0.00129 0.00073 0.39854 0.09933 0.10277 0.09741
0.30290 0.00018 0.20039 0.19619 0.09774 0.30225
0.00000 0.50104 0.09872 0.00000 0.00112 0.40378
0.00000 0.00000 0.00010 0.60434 0.00291 0.09910
0.00000 0.00000 0.00000 0.00000 0.79539 0.00000
