initial: 6
0.72088 0.00285 0.08920 0.18707 0.00000 0.00000

transition: 6
0.29552 0.01426 0.50110 0.00139 0.00000 0.18772
0.20127 0.20363 0.59483 0.00024 0.00003 0.00001
0.00371 0.49823 0.19647 0.30142 0.00000 0.00017
0.00033 0.20213 0.00016 0.59733 0.00000 0.20005
0.10738 0.00000 0.00000 0.00000 0.50187 0.39076
0.00092 0.39442 0.00000 0.00000 0.30494 0.29973

observation: 6
0.69477 0.49671 0.30094 0.09996 0.00061 0.09776
0.00225 0.00200 0.40043 0.09902 0.10259 0.09704
0.30288 0.00044 0.20030 0.19595 0.09785 0.30220
0.00009 0.50085 0.09810 0.00000 0.00252 0.40386
0.00000 0.00000 0.00024 0.60507 0.00290 0.09914
0.00000 0.00000 0.00000 0.00000 0.79353 0.00000
