initial: 6
0.72359 0.00000 0.09004 0.18637 0.00000 0.00000

transition: 6
0.30835 0.01549 0.47672 0.00275 0.00000 0.19669
0.00070 0.23094 0.75629 0.01206 0.00000 0.00000
0.00213 0.51732 0.17967 0.30087 0.00000 0.00000
0.00158 0.20297 0.00002 0.59407 0.00000 0.20137
0.10509 0.00000 0.00000 0.00000 0.50948 0.38543
0.00081 0.40156 0.00000 0.00000 0.30479 0.29285

observation: 6
0.99330 0.49464 0.29248 0.09505 0.00346 0.09749
0.00260 0.00469 0.41300 0.09885 0.10473 0.09527
0.00308 0.00681 0.20285 0.80608 0.09160 0.31194
0.00102 0.49387 0.09167 0.00001 0.01426 0.39600
0.00000 0.00000 0.00000 0.00000 0.00454 0.09930
0.00000 0.00000 0.00000 0.00000 0.78142 0.00000
