initial: 6
0.82595 0.00000 0.02274 0.15131 0.00000 0.00000

transition: 6
0.24253 0.29539 0.34143 0.06079 0.00230 0.05756
0.10445 0.52097 0.34557 0.02895 0.00000 0.00006
0.17812 0.43693 0.01268 0.34529 0.00025 0.02673
0.08064 0.05834 0.01283 0.55599 0.01970 0.27250
0.10892 0.00085 0.00000 0.00002 0.67057 0.21964
0.13590 0.44765 0.01908 0.00002 0.28645 0.11091

observation: 6
0.91104 0.32680 0.15726 0.05686 0.03181 0.08562
0.02762 0.12479 0.52530 0.05360 0.12084 0.03671
0.04489 0.08831 0.29350 0.88248 0.14899 0.26633
0.01644 0.46010 0.02394 0.00706 0.08150 0.52446
0.00000 0.00000 0.00000 0.00000 0.03523 0.08688
0.00000 0.00000 0.00000 0.00000 0.58163 0.00002
