initial: 6
0.73437 0.00000 0.08228 0.18335 0.00000 0.00000

transition: 6
0.30845 0.04227 0.44857 0.00582 0.00000 0.19489
0.00143 0.28809 0.68606 0.02442 0.00000 0.00000
0.00506 0.54417 0.14376 0.30699 0.00000 0.00002
0.00494 0.20402 0.00005 0.58834 0.00003 0.20262
0.10586 0.00000 0.00000 0.00000 0.52310 0.37105
0.00262 0.40938 0.00000 0.00000 0.31090 0.27710

observation: 6
0.98578 0.48822 0.27998 0.08929 0.00680 0.09550
0.00478 0.01300 0.43610 0.09743 0.10555 0.09188
0.00536 0.01267 0.21338 0.81322 0.09348 0.31527
0.00408 0.48610 0.07053 0.00007 0.02483 0.39762
0.00000 0.00000 0.00000 0.00000 0.00729 0.09972
0.00000 0.00000 0.00000 0.00000 0.76205 0.00000
