initial: 6
0.50339 0.49661 0.00000 0.00000 0.00000 0.00000

transition: 6
0.28662 0.47556 0.00816 0.22739 0.00003 0.00223
0.00426 0.50224 0.19863 0.00007 0.00000 0.29480
0.00372 0.00075 0.21198 0.78000 0.00015 0.00341
0.00025 0.00388 0.00586 0.25993 0.52550 0.20457
0.00000 0.00000 0.00000 0.00000 0.50093 0.49907
0.64609 0.00009 0.16540 0.18842 0.00000 0.00000

observation: 6
0.00007 0.29928 0.00554 0.10083 0.29828 0.09770
0.09423 0.39743 0.00003 0.10055 0.00000 0.10005
0.40857 0.19927 0.48570 0.29549 0.30264 0.00000
0.49713 0.10403 0.50002 0.40333 0.00000 0.00000
0.00000 0.00000 0.00873 0.09980 0.00000 0.80226
0.00000 0.00000 0.00000 0.00000 0.39908 0.00000
