initial: 6
0.72122 0.00285 0.08893 0.18700 0.00000 0.00000

transition: 6
0.29551 0.01500 0.50052 0.00152 0.00000 0.18746
0.20151 0.20398 0.59420 0.00028 0.00002 0.00001
0.00382 0.49850 0.19591 0.30159 0.00000 0.00018
0.00038 0.20217 0.00015 0.59728 0.00000 0.20002
0.10739 0.00000 0.00000 0.00000 0.50200 0.39061
0.00100 0.39442 0.00000 0.00000 0.30506 0.29952

observation: 6
0.69464 0.49655 0.30075 0.09993 0.00069 0.09771
0.00236 0.00218 0.40069 0.09897 0.10257 0.09700
0.30287 0.00047 0.20031 0.19592 0.09784 0.30225
0.00012 0.50081 0.09800 0.00000 0.00266 0.40387
0.00001 0.00000 0.00026 0.60518 0.00288 0.09917
0.00000 0.00000 0.00000 0.00000 0.79335 0.00000
