initial: 6
0.00000 0.10544 0.09507 0.21018 0.00000 0.58931

transition: 6
0.20293 0.20870 0.58837 0.00000 0.00000 0.00000
0.02349 0.28727 0.50301 0.00187 0.00000 0.18436
0.49592 0.00683 0.19345 0.30379 0.00000 0.00000
0.20035 0.00049 0.00119 0.59865 0.00000 0.19933
0.00000 0.10281 0.00000 0.00000 0.50353 0.39366
0.39814 0.00006 0.00000 0.00000 0.30389 0.29791

observation: 6
0.49444 0.69581 0.29981 0.10046 0.00026 0.09916
0.00223 0.00369 0.40243 0.09889 0.10269 0.09594
0.00000 0.29791 0.19944 0.19637 0.09897 0.30139
0.50332 0.00259 0.09808 0.00000 0.00415 0.40229
0.00000 0.00000 0.00024 0.60428 0.00208 0.10122
0.00000 0.00000 0.00000 0.00000 0.79186 0.00000
