initial: 6
0.48749 0.51251 0.00000 0.00000 0.00000 0.00000

transition: 6
0.26036 0.40353 0.02045 0.31186 0.00150 0.00230
0.01207 0.50291 0.20532 0.00103 0.00079 0.27788
0.01850 0.00560 0.20957 0.76007 0.00243 0.00384
0.00111 0.01233 0.01310 0.24084 0.53026 0.20236
0.00000 0.00000 0.00000 0.00000 0.50122 0.49878
0.79493 0.00035 0.02467 0.18003 0.00001 0.00000

observation: 6
0.00022 0.29733 0.01287 0.10145 0.29845 0.09653
0.07814 0.40168 0.00209 0.09852 0.00000 0.09863
0.42177 0.19707 0.45983 0.29544 0.30251 0.00000
0.49986 0.10392 0.47180 0.40451 0.00000 0.00000
0.00000 0.00000 0.05341 0.10008 0.00002 0.80484
0.00000 0.00000 0.00000 0.00000 0.39901 0.00000
