initial: 6
0.00000 0.13265 0.07372 0.20949 0.00000 0.58413

transition: 6
0.19515 0.30634 0.49847 0.00003 0.00000 0.00000
0.11946 0.32039 0.37691 0.05677 0.00000 0.12648
0.51074 0.01536 0.15420 0.31970 0.00000 0.00000
0.20045 0.00405 0.00207 0.59786 0.00000 0.19556
0.00001 0.10815 0.00000 0.00000 0.51101 0.38083
0.40070 0.00077 0.00000 0.00000 0.31280 0.28573

observation: 6
0.48659 0.65823 0.25260 0.10140 0.00568 0.09502
0.00502 0.03260 0.45364 0.09652 0.09968 0.09489
0.00005 0.27403 0.18835 0.19629 0.10372 0.30458
0.50833 0.03511 0.10439 0.00000 0.00802 0.40273
0.00001 0.00002 0.00102 0.60578 0.00202 0.10278
0.00000 0.00000 0.00000 0.00000 0.78088 0.00000
