initial: 6
0.50720 0.49280 0.00000 0.00000 0.00000 0.00000

transition: 6
0.29003 0.49852 0.00757 0.20198 0.00001 0.00190
0.00306 0.50111 0.19865 0.00003 0.00000 0.29715
0.00270 0.00050 0.20866 0.78395 0.00007 0.00412
0.00018 0.00274 0.00516 0.26958 0.51997 0.20238
0.00000 0.00000 0.00000 0.00000 0.50090 0.49910
0.61168 0.00005 0.19719 0.19108 0.00000 0.00000

observation: 6
0.00005 0.29987 0.00367 0.10054 0.29841 0.09797
0.09855 0.39680 0.00001 0.10127 0.00000 0.10038
0.40549 0.19972 0.48740 0.29541 0.30254 0.00000
0.49591 0.10361 0.50412 0.40286 0.00000 0.00000
0.00000 0.00000 0.00480 0.09991 0.00000 0.80164
0.00000 0.00000 0.00000 0.00000 0.39905 0.00000
