initial: 6
0.71969 0.00013 0.09234 0.18784 0.00000 0.00000

transition: 6
0.30843 0.00309 0.49069 0.00088 0.00000 0.19691
0.00067 0.20365 0.79247 0.00321 0.00000 0.00000
0.00082 0.50181 0.19871 0.29867 0.00000 0.00000
0.00017 0.20160 0.00001 0.59716 0.00000 0.20105
0.10489 0.00000 0.00000 0.00000 0.50123 0.39389
0.00017 0.39645 0.00000 0.00000 0.30123 0.30216

observation: 6
0.99559 0.49776 0.29745 0.09796 0.00111 0.09878
0.00220 0.00072 0.40173 0.09953 0.10436 0.09709
0.00220 0.00308 0.20025 0.80251 0.09128 0.30952
0.00001 0.49844 0.10057 0.00000 0.00714 0.39560
0.00000 0.00000 0.00000 0.00000 0.00292 0.09902
0.00000 0.00000 0.00000 0.00000 0.79320 0.00000
