initial: 6
0.73808 0.00003 0.07787 0.18402 0.00000 0.00000

transition: 6
0.29775 0.04702 0.47461 0.00610 0.00000 0.17452
0.21242 0.22813 0.55541 0.00403 0.00000 0.00001
0.00742 0.51895 0.15959 0.31335 0.00001 0.00068
0.00218 0.20524 0.00026 0.59448 0.00000 0.19784
0.10792 0.00000 0.00000 0.00000 0.50662 0.38547
0.00477 0.39457 0.00000 0.00000 0.31015 0.29051

observation: 6
0.68724 0.48832 0.28962 0.09823 0.00337 0.09546
0.00833 0.01261 0.41606 0.09630 0.10286 0.09344
0.30149 0.00189 0.20275 0.19529 0.09694 0.30561
0.00288 0.49717 0.09037 0.00000 0.00655 0.40537
0.00006 0.00001 0.00120 0.61018 0.00264 0.10012
0.00000 0.00000 0.00000 0.00000 0.78764 0.00000
