initial: 6
0.20687 0.03125 0.12128 0.18024 0.00000 0.46035

transition: 6
0.36262 0.50982 0.09104 0.00220 0.01744 0.01688
0.17384 0.52178 0.26969 0.02693 0.00058 0.00718
0.33357 0.07798 0.05703 0.48879 0.00815 0.03447
0.23734 0.06000 0.06713 0.48380 0.01145 0.14029
0.09346 0.05844 0.00106 0.00249 0.58376 0.26078
0.30227 0.06100 0.00139 0.00011 0.39085 0.24438

observation: 6
0.34162 0.54517 0.17642 0.06854 0.01744 0.09631
0.07809 0.15638 0.42145 0.02324 0.09574 0.07178
0.12857 0.10920 0.27744 0.14438 0.11593 0.36565
0.45029 0.18855 0.01390 0.00790 0.06283 0.36426
0.00142 0.00070 0.11079 0.75594 0.02535 0.07631
0.00000 0.00000 0.00000 0.00000 0.68272 0.02568
