initial: 6
0.71967 0.00014 0.09232 0.18787 0.00000 0.00000

transition: 6
0.30844 0.00296 0.49084 0.00084 0.00000 0.19691
0.00068 0.20341 0.79284 0.00308 0.00000 0.00000
0.00080 0.50164 0.19890 0.29867 0.00000 0.00000
0.00016 0.20159 0.00001 0.59720 0.00000 0.20104
0.10489 0.00000 0.00000 0.00000 0.50108 0.39403
0.00016 0.39635 0.00000 0.00000 0.30118 0.30231

observation: 6
0.99560 0.49781 0.29748 0.09799 0.00107 0.09880
0.00221 0.00067 0.40161 0.09954 0.10435 0.09711
0.00219 0.00302 0.20026 0.80247 0.09127 0.30948
0.00001 0.49850 0.10064 0.00000 0.00702 0.39559
0.00000 0.00000 0.00000 0.00000 0.00289 0.09901
0.00000 0.00000 0.00000 0.00000 0.79341 0.00000
