initial: 6
0.00000 0.10516 0.09526 0.21020 0.00000 0.58938

transition: 6
0.20290 0.20801 0.58909 0.00000 0.00000 0.00000
0.02205 0.28721 0.50421 0.00159 0.00000 0.18494
0.49587 0.00671 0.19385 0.30357 0.00000 0.00000
0.20035 0.00044 0.00117 0.59867 0.00000 0.19937
0.00000 0.10271 0.00000 0.00000 0.50342 0.39387
0.39810 0.00005 0.00000 0.00000 0.30377 0.29808

observation: 6
0.49454 0.69624 0.30010 0.10046 0.00021 0.09923
0.00217 0.00342 0.40207 0.09894 0.10274 0.09594
0.00000 0.29801 0.19952 0.19638 0.09891 0.30138
0.50328 0.00232 0.09807 0.00000 0.00406 0.40226
0.00000 0.00000 0.00023 0.60423 0.00208 0.10119
0.00000 0.00000 0.00000 0.00000 0.79201 0.00000
