initial: 6
0.71957 0.00276 0.09036 0.18731 0.00000 0.00000

transition: 6
0.29565 0.01130 0.50348 0.00091 0.00000 0.18866
0.20024 0.20237 0.59716 0.00009 0.00013 0.00001
0.00325 0.49726 0.19867 0.30072 0.00000 0.00011
0.00017 0.20205 0.00020 0.59750 0.00000 0.20008
0.10735 0.00000 0.00000 0.00000 0.50124 0.39141
0.00058 0.39447 0.00000 0.00000 0.30449 0.30045

observation: 6
0.69528 0.49738 0.30166 0.10007 0.00031 0.09778
0.00180 0.00134 0.39941 0.09922 0.10266 0.09724
0.30290 0.00031 0.20030 0.19606 0.09784 0.30211
0.00001 0.50097 0.09846 0.00000 0.00189 0.40380
0.00000 0.00000 0.00017 0.60464 0.00294 0.09907
0.00000 0.00000 0.00000 0.00000 0.79436 0.00000
