initial: 6
0.49691 0.50309 0.00000 0.00000 0.00000 0.00000

transition: 6
0.28065 0.44595 0.00963 0.26140 0.00011 0.00226
0.00551 0.50414 0.19922 0.00013 0.00002 0.29097
0.00534 0.00124 0.21479 0.77525 0.00029 0.00309
0.00035 0.00535 0.00683 0.25167 0.52976 0.20603
0.00000 0.00000 0.00000 0.00000 0.50090 0.49910
0.69764 0.00015 0.11621 0.18601 0.00000 0.00000

observation: 6
0.00010 0.29816 0.00779 0.10128 0.29822 0.09742
0.08808 0.39824 0.00009 0.09976 0.00000 0.09968
0.41335 0.19878 0.48189 0.29579 0.30261 0.00000
0.49847 0.10482 0.49382 0.40360 0.00000 0.00000
0.00000 0.00000 0.01641 0.09957 0.00000 0.80290
0.00000 0.00000 0.00000 0.00000 0.39918 0.00000
