initial: 6
0.72159 0.00000 0.09141 0.18700 0.00000 0.00000

transition: 6
0.30822 0.00989 0.48297 0.00207 0.00000 0.19684
0.00062 0.21808 0.77277 0.00853 0.00000 0.00000
0.00160 0.51054 0.18826 0.29960 0.00000 0.00000
0.00094 0.20238 0.00001 0.59540 0.00000 0.20126
0.10496 0.00000 0.00000 0.00000 0.50635 0.38868
0.00052 0.39966 0.00000 0.00000 0.30335 0.29647

observation: 6
0.99457 0.49591 0.29502 0.09632 0.00257 0.09803
0.00232 0.00292 0.40783 0.09912 0.10458 0.09603
0.00267 0.00535 0.20116 0.80455 0.09149 0.31098
0.00045 0.49583 0.09598 0.00001 0.01158 0.39581
0.00000 0.00000 0.00000 0.00000 0.00393 0.09916
0.00000 0.00000 0.00000 0.00000 0.78585 0.00000
