initial: 6
0.72335 0.00259 0.08744 0.18662 0.00000 0.00000

transition: 6
0.29556 0.01925 0.49717 0.00222 0.00000 0.18580
0.20293 0.20617 0.59030 0.00059 0.00001 0.00001
0.00439 0.50029 0.19242 0.30267 0.00000 0.00024
0.00062 0.20245 0.00015 0.59698 0.00000 0.19981
0.10749 0.00000 0.00000 0.00000 0.50272 0.38979
0.00146 0.39450 0.00000 0.00000 0.30573 0.29831

observation: 6
0.69382 0.49558 0.29959 0.09973 0.00112 0.09735
0.00299 0.00322 0.40229 0.09864 0.10250 0.09670
0.30272 0.00066 0.20041 0.19579 0.09779 0.30262
0.00045 0.50055 0.09736 0.00000 0.00337 0.40397
0.00001 0.00000 0.00036 0.60583 0.00279 0.09935
0.00000 0.00000 0.00000 0.00000 0.79243 0.00000
