initial: 6
0.50763 0.49237 0.00000 0.00000 0.00000 0.00000

transition: 6
0.29187 0.50800 0.00667 0.19303 0.00000 0.00044
0.00083 0.50189 0.19882 0.00000 0.00000 0.29846
0.00217 0.00021 0.20264 0.78873 0.00000 0.00626
0.00014 0.00116 0.00444 0.28134 0.51296 0.19997
0.00000 0.00000 0.00000 0.00000 0.50079 0.49921
0.59870 0.00000 0.20653 0.19476 0.00000 0.00000

observation: 6
0.00017 0.29980 0.00154 0.10013 0.29873 0.09836
0.09987 0.39658 0.00000 0.10145 0.00000 0.10062
0.40445 0.19996 0.49015 0.29585 0.30231 0.00000
0.49551 0.10365 0.50659 0.40262 0.00000 0.00000
0.00000 0.00000 0.00171 0.09995 0.00000 0.80103
0.00000 0.00000 0.00000 0.00000 0.39896 0.00000
