initial: 6
0.71960 0.00052 0.09170 0.18819 0.00000 0.00000

transition: 6
0.30876 0.00131 0.49298 0.00029 0.00000 0.19667
0.00083 0.20090 0.79707 0.00121 0.00000 0.00000
0.00038 0.49960 0.20127 0.29875 0.00000 0.00000
0.00002 0.20165 0.00001 0.59771 0.00000 0.20062
0.10494 0.00000 0.00000 0.00000 0.49862 0.39644
0.00004 0.39491 0.00000 0.00000 0.30085 0.30420

observation: 6
0.99544 0.49846 0.29766 0.09826 0.00044 0.09894
0.00244 0.00015 0.40015 0.09971 0.10421 0.09740
0.00212 0.00213 0.20079 0.80203 0.09092 0.30903
0.00000 0.49922 0.10134 0.00000 0.00487 0.39575
0.00000 0.00004 0.00006 0.00000 0.00241 0.09889
0.00000 0.00000 0.00000 0.00000 0.79714 0.00000
