initial: 6
0.71762 0.00242 0.09250 0.18746 0.00000 0.00000

transition: 6
0.29603 0.00712 0.50707 0.00017 0.00000 0.18962
0.19870 0.20091 0.60001 0.00000 0.00037 0.00001
0.00241 0.49584 0.20234 0.29941 0.00000 0.00001
0.00001 0.20155 0.00199 0.59677 0.00000 0.19969
0.10741 0.00000 0.00000 0.00000 0.49983 0.39276
0.00005 0.39410 0.00000 0.00000 0.30425 0.30161

observation: 6
0.69605 0.49834 0.30259 0.09999 0.00001 0.09738
0.00107 0.00022 0.39820 0.09885 0.10312 0.09714
0.30289 0.00008 0.20041 0.19625 0.09753 0.30229
0.00000 0.50136 0.09876 0.00000 0.00037 0.40403
0.00000 0.00000 0.00003 0.60491 0.00273 0.09917
0.00000 0.00000 0.00000 0.00000 0.79625 0.00000
