initial: 6
0.00000 0.10340 0.09649 0.21030 0.00000 0.58981

transition: 6
0.20265 0.20348 0.59381 0.00000 0.00006 0.00000
0.01165 0.28720 0.51233 0.00022 0.00001 0.18860
0.49570 0.00578 0.19650 0.30202 0.00000 0.00000
0.20042 0.00012 0.00104 0.59880 0.00000 0.19962
0.00000 0.10196 0.00000 0.00000 0.50260 0.39544
0.39785 0.00001 0.00000 0.00000 0.30293 0.29921

observation: 6
0.49524 0.69924 0.30197 0.10048 0.00001 0.09949
0.00176 0.00165 0.39970 0.09930 0.10306 0.09592
0.00000 0.29847 0.20009 0.19644 0.09846 0.30141
0.50300 0.00064 0.09810 0.00000 0.00327 0.40218
0.00000 0.00000 0.00014 0.60378 0.00205 0.10100
0.00000 0.00000 0.00000 0.00000 0.79314 0.00000
