initial: 6
0.48828 0.51172 0.00000 0.00000 0.00000 0.00000

transition: 6
0.26719 0.40938 0.01590 0.30461 0.00073 0.00219
0.00923 0.50476 0.20318 0.00055 0.00029 0.28199
0.01203 0.00356 0.21634 0.76338 0.00128 0.00341
0.00075 0.00946 0.01045 0.24270 0.53167 0.20497
0.00000 0.00000 0.00000 0.00000 0.50099 0.49901
0.77696 0.00027 0.04049 0.18228 0.00000 0.00000

observation: 6
0.00018 0.29709 0.01124 0.10196 0.29826 0.09696
0.07979 0.40043 0.00097 0.09899 0.00000 0.09910
0.42040 0.19770 0.46708 0.29566 0.30255 0.00000
0.49964 0.10479 0.47947 0.40370 0.00000 0.00000
0.00000 0.00000 0.04124 0.09970 0.00000 0.80394
0.00000 0.00000 0.00000 0.00000 0.39919 0.00000
