initial: 6
0.50748 0.49252 0.00000 0.00000 0.00000 0.00000

transition: 6
0.29202 0.50836 0.00617 0.19332 0.00000 0.00013
0.00032 0.50218 0.19897 0.00000 0.00000 0.29853
0.00288 0.00012 0.20181 0.78854 0.00000 0.00665
0.00018 0.00066 0.00445 0.28245 0.51240 0.19986
0.00000 0.00000 0.00000 0.00000 0.50078 0.49922
0.59843 0.00000 0.20644 0.19513 0.00000 0.00000

observation: 6
0.00027 0.29974 0.00114 0.10009 0.29878 0.09841
0.09988 0.39655 0.00000 0.10142 0.00000 0.10062
0.40439 0.19999 0.49056 0.29593 0.30228 0.00000
0.49546 0.10373 0.50687 0.40261 0.00000 0.00000
0.00000 0.00000 0.00143 0.09995 0.00000 0.80097
0.00000 0.00000 0.00000 0.00000 0.39894 0.00000
