initial: 6
0.00000 0.11174 0.09048 0.20999 0.00000 0.58778

transition: 6
0.20272 0.22629 0.57098 0.00001 0.00000 0.00000
0.05195 0.29110 0.47499 0.01146 0.00000 0.17051
0.49801 0.00917 0.18470 0.30812 0.00000 0.00000
0.20047 0.00136 0.00144 0.59844 0.00000 0.19828
0.00000 0.10471 0.00000 0.00000 0.50555 0.38973
0.39892 0.00019 0.00000 0.00000 0.30630 0.29459

observation: 6
0.49251 0.68671 0.29205 0.10062 0.00162 0.09764
0.00320 0.00996 0.41140 0.09808 0.10177 0.09593
0.00001 0.29461 0.19720 0.19632 0.10020 0.30182
0.50427 0.00871 0.09893 0.00000 0.00536 0.40287
0.00000 0.00001 0.00043 0.60499 0.00204 0.10175
0.00000 0.00000 0.00000 0.00000 0.78901 0.00000
