initial: 6
0.72073 0.00285 0.08933 0.18709 0.00000 0.00000

transition: 6
0.29553 0.01393 0.50136 0.00134 0.00000 0.18784
0.20116 0.20348 0.59510 0.00022 0.00003 0.00001
0.00366 0.49811 0.19672 0.30134 0.00000 0.00016
0.00032 0.20212 0.00016 0.59735 0.00000 0.20006
0.10737 0.00000 0.00000 0.00000 0.50180 0.39083
0.00088 0.39441 0.00000 0.00000 0.30489 0.29982

observation: 6
0.69483 0.49679 0.30102 0.09997 0.00058 0.09778
0.00220 0.00193 0.40031 0.09905 0.10260 0.09706
0.30289 0.00042 0.20029 0.19596 0.09785 0.30218
0.00008 0.50086 0.09814 0.00000 0.00246 0.40385
0.00000 0.00000 0.00023 0.60502 0.00290 0.09913
0.00000 0.00000 0.00000 0.00000 0.79361 0.00000
