initial: 6
0.50766 0.49234 0.00000 0.00000 0.00000 0.00000

transition: 6
0.29055 0.50246 0.00751 0.19775 0.00000 0.00172
0.00269 0.50107 0.19865 0.00002 0.00000 0.29757
0.00248 0.00045 0.20742 0.78517 0.00006 0.00442
0.00016 0.00244 0.00497 0.27231 0.51837 0.20174
0.00000 0.00000 0.00000 0.00000 0.50087 0.49913
0.60621 0.00004 0.20189 0.19186 0.00000 0.00000

observation: 6
0.00005 0.29992 0.00322 0.10046 0.29846 0.09805
0.09920 0.39669 0.00001 0.10139 0.00000 0.10045
0.40503 0.19981 0.48787 0.29546 0.30250 0.00000
0.49572 0.10358 0.50486 0.40276 0.00000 0.00000
0.00000 0.00000 0.00404 0.09993 0.00000 0.80150
0.00000 0.00000 0.00000 0.00000 0.39904 0.00000
