initial: 6
0.00000 0.10414 0.09595 0.21026 0.00000 0.58965

transition: 6
0.20277 0.20544 0.59178 0.00000 0.00001 0.00000
0.01636 0.28711 0.50873 0.00070 0.00000 0.18711
0.49573 0.00620 0.19533 0.30273 0.00000 0.00000
0.20036 0.00026 0.00110 0.59874 0.00000 0.19954
0.00000 0.10229 0.00000 0.00000 0.50298 0.39473
0.39792 0.00003 0.00000 0.00000 0.30330 0.29875

observation: 6
0.49493 0.69790 0.30118 0.10046 0.00006 0.09946
0.00195 0.00243 0.40074 0.09914 0.10292 0.09592
0.00000 0.29833 0.19984 0.19641 0.09866 0.30135
0.50312 0.00135 0.09806 0.00000 0.00367 0.40220
0.00000 0.00000 0.00018 0.60399 0.00207 0.10107
0.00000 0.00000 0.00000 0.00000 0.79262 0.00000
