initial: 6
0.48785 0.51215 0.00000 0.00000 0.00000 0.00000

transition: 6
0.26514 0.40699 0.01723 0.30750 0.00093 0.00221
0.01002 0.50434 0.20383 0.00068 0.00040 0.28073
0.01373 0.00411 0.21499 0.76206 0.00158 0.00353
0.00085 0.01026 0.01122 0.24191 0.53142 0.20434
0.00000 0.00000 0.00000 0.00000 0.50105 0.49895
0.78358 0.00029 0.03446 0.18167 0.00000 0.00000

observation: 6
0.00019 0.29713 0.01169 0.10189 0.29830 0.09685
0.07917 0.40080 0.00125 0.09888 0.00000 0.09898
0.42093 0.19751 0.46484 0.29557 0.30255 0.00000
0.49972 0.10456 0.47723 0.40386 0.00000 0.00000
0.00000 0.00000 0.04499 0.09981 0.00001 0.80417
0.00000 0.00000 0.00000 0.00000 0.39914 0.00000
