initial: 6
0.71960 0.00030 0.09208 0.18801 0.00000 0.00000

transition: 6
0.30856 0.00216 0.49187 0.00061 0.00000 0.19680
0.00076 0.20210 0.79488 0.00226 0.00000 0.00000
0.00064 0.50066 0.20006 0.29864 0.00000 0.00000
0.00008 0.20161 0.00001 0.59743 0.00000 0.20087
0.10490 0.00000 0.00000 0.00000 0.50008 0.39502
0.00011 0.39578 0.00000 0.00000 0.30106 0.30305

observation: 6
0.99556 0.49809 0.29759 0.09809 0.00081 0.09886
0.00228 0.00042 0.40091 0.09961 0.10429 0.09726
0.00215 0.00264 0.20043 0.80229 0.09113 0.30931
0.00000 0.49885 0.10102 0.00000 0.00617 0.39562
0.00000 0.00000 0.00005 0.00000 0.00269 0.09895
0.00000 0.00000 0.00000 0.00000 0.79492 0.00000
