initial: 6
0.50775 0.49225 0.00000 0.00000 0.00000 0.00000

transition: 6
0.29068 0.50334 0.00750 0.19682 0.00000 0.00167
0.00258 0.50108 0.19865 0.00002 0.00000 0.29767
0.00242 0.00043 0.20705 0.78552 0.00005 0.00452
0.00016 0.00236 0.00492 0.27306 0.51792 0.20157
0.00000 0.00000 0.00000 0.00000 0.50087 0.49913
0.60501 0.00003 0.20288 0.19208 0.00000 0.00000

observation: 6
0.00005 0.29992 0.00309 0.10044 0.29848 0.09807
0.09934 0.39667 0.00001 0.10141 0.00000 0.10047
0.40493 0.19983 0.48801 0.29548 0.30248 0.00000
0.49568 0.10358 0.50504 0.40274 0.00000 0.00000
0.00000 0.00000 0.00385 0.09993 0.00000 0.80146
0.00000 0.00000 0.00000 0.00000 0.39904 0.00000
