initial: 6
0.72189 0.00000 0.09121 0.18690 0.00000 0.00000

transition: 6
0.30824 0.01076 0.48200 0.00219 0.00000 0.19682
0.00063 0.22005 0.77021 0.00911 0.00000 0.00000
0.00169 0.51162 0.18691 0.29979 0.00000 0.00000
0.00104 0.20248 0.00001 0.59519 0.00000 0.20128
0.10498 0.00000 0.00000 0.00000 0.50687 0.38815
0.00056 0.39997 0.00000 0.00000 0.30358 0.29589

observation: 6
0.99438 0.49571 0.29464 0.09612 0.00272 0.09794
0.00235 0.00319 0.40863 0.09908 0.10460 0.09591
0.00273 0.00558 0.20139 0.80479 0.09150 0.31114
0.00053 0.49551 0.09533 0.00001 0.01203 0.39583
0.00000 0.00000 0.00000 0.00000 0.00403 0.09918
0.00000 0.00000 0.00000 0.00000 0.78512 0.00000
