initial: 6
0.77458 0.00026 0.08368 0.14148 0.00000 0.00000

transition: 6
0.38806 0.37409 0.17078 0.00480 0.01418 0.04808
0.18286 0.59876 0.19605 0.01863 0.00071 0.00298
0.17119 0.18549 0.02154 0.57714 0.00341 0.04124
0.13528 0.12059 0.07549 0.46156 0.00445 0.20263
0.12157 0.01534 0.00012 0.00062 0.60540 0.25696
0.33871 0.08789 0.00034 0.00001 0.32853 0.24452

observation: 6
0.56340 0.38935 0.26985 0.04428 0.02863 0.03902
0.03623 0.19949 0.40824 0.01501 0.10461 0.07692
0.23484 0.06326 0.25805 0.14429 0.15334 0.24847
0.16217 0.34602 0.01120 0.00872 0.03295 0.52235
0.00336 0.00188 0.05266 0.78770 0.02415 0.07776
0.00000 0.00000 0.00000 0.00000 0.65632 0.03547
