initial: 6
0.00000 0.10462 0.09563 0.21023 0.00000 0.58953

transition: 6
0.20284 0.20663 0.59053 0.00000 0.00000 0.00000
0.01907 0.28713 0.50662 0.00108 0.00000 0.18611
0.49578 0.00645 0.19464 0.30313 0.00000 0.00000
0.20035 0.00034 0.00114 0.59870 0.00000 0.19946
0.00000 0.10249 0.00000 0.00000 0.50319 0.39432
0.39800 0.00004 0.00000 0.00000 0.30352 0.29843

observation: 6
0.49475 0.69712 0.30068 0.10046 0.00012 0.09936
0.00206 0.00289 0.40136 0.09904 0.10283 0.09593
0.00000 0.29819 0.19970 0.19640 0.09878 0.30136
0.50320 0.00180 0.09806 0.00000 0.00387 0.40222
0.00000 0.00000 0.00021 0.60411 0.00207 0.10113
0.00000 0.00000 0.00000 0.00000 0.79233 0.00000
