initial: 6
0.00000 0.10316 0.09674 0.21029 0.00000 0.58982

transition: 6
0.20264 0.20263 0.59455 0.00000 0.00017 0.00000
0.00975 0.28727 0.51389 0.00010 0.00002 0.18896
0.49573 0.00561 0.19700 0.30167 0.00000 0.00000
0.20052 0.00007 0.00102 0.59882 0.00000 0.19957
0.00000 0.10185 0.00000 0.00000 0.50245 0.39570
0.39797 0.00001 0.00000 0.00000 0.30279 0.29924

observation: 6
0.49536 0.69982 0.30227 0.10048 0.00000 0.09932
0.00170 0.00130 0.39928 0.09934 0.10312 0.09593
0.00000 0.29849 0.20021 0.19646 0.09839 0.30155
0.50295 0.00039 0.09813 0.00000 0.00308 0.40218
0.00000 0.00000 0.00011 0.60372 0.00204 0.10102
0.00000 0.00000 0.00000 0.00000 0.79337 0.00000
