initial: 6
0.76286 0.00000 0.05960 0.17754 0.00000 0.00000

transition: 6
0.29019 0.11086 0.41276 0.01914 0.00000 0.16704
0.00875 0.36734 0.58785 0.03606 0.00000 0.00000
0.02461 0.58003 0.07307 0.32214 0.00000 0.00015
0.01974 0.19300 0.00025 0.57759 0.00020 0.20921
0.10774 0.00000 0.00000 0.00000 0.55979 0.33247
0.01507 0.42598 0.00012 0.00000 0.32232 0.23651

observation: 6
0.96338 0.46021 0.26092 0.07752 0.01410 0.09169
0.01350 0.03507 0.46962 0.09447 0.10848 0.08175
0.01321 0.02501 0.23497 0.82759 0.10304 0.32170
0.00991 0.47971 0.03449 0.00042 0.04762 0.40610
0.00000 0.00000 0.00000 0.00000 0.01483 0.09876
0.00000 0.00000 0.00000 0.00000 0.71194 0.00000
