initial: 6
0.71960 0.00052 0.09169 0.18819 0.00000 0.00000

transition: 6
0.30876 0.00128 0.49301 0.00028 0.00000 0.19667
0.00083 0.20086 0.79713 0.00117 0.00000 0.00000
0.00037 0.49957 0.20130 0.29875 0.00000 0.00000
0.00001 0.20165 0.00001 0.59772 0.00000 0.20061
0.10494 0.00000 0.00000 0.00000 0.49857 0.39649
0.00004 0.39487 0.00000 0.00000 0.30084 0.30424

observation: 6
0.99544 0.49846 0.29766 0.09826 0.00043 0.09894
0.00245 0.00014 0.40013 0.09971 0.10421 0.09740
0.00212 0.00212 0.20081 0.80202 0.09091 0.30902
0.00000 0.49923 0.10135 0.00000 0.00482 0.39576
0.00000 0.00005 0.00006 0.00000 0.00240 0.09888
0.00000 0.00000 0.00000 0.00000 0.79722 0.00000
