initial: 6
0.00003 0.15432 0.05810 0.20887 0.00000 0.57869

transition: 6
0.16945 0.43429 0.39599 0.00011 0.00002 0.00013
0.14792 0.38905 0.28474 0.09078 0.00000 0.08751
0.53436 0.02228 0.10578 0.33755 0.00002 0.00002
0.19766 0.01034 0.00413 0.59508 0.00003 0.19276
0.00042 0.11076 0.00000 0.00000 0.51977 0.36905
0.40211 0.00337 0.00000 0.00000 0.32261 0.27191

observation: 6
0.47347 0.61415 0.19287 0.10100 0.00980 0.09514
0.00740 0.06717 0.51844 0.09443 0.09847 0.09055
0.00034 0.23273 0.18596 0.19476 0.10775 0.31139
0.51874 0.08591 0.09974 0.00000 0.01334 0.39896
0.00004 0.00005 0.00299 0.60981 0.00275 0.10396
0.00000 0.00000 0.00000 0.00000 0.76788 0.00000
