initial: 6
0.49100 0.50900 0.00000 0.00000 0.00000 0.00000

transition: 6
0.23917 0.40442 0.03266 0.31534 0.00520 0.00321
0.02302 0.49067 0.21294 0.00416 0.00595 0.26326
0.04969 0.01527 0.16436 0.75557 0.00975 0.00536
0.00293 0.02411 0.02052 0.24900 0.51802 0.18541
0.00000 0.00010 0.00000 0.00000 0.50280 0.49710
0.81970 0.00069 0.01091 0.16817 0.00054 0.00000

observation: 6
0.00068 0.29896 0.02365 0.09295 0.30071 0.09428
0.07637 0.40514 0.01023 0.09392 0.00010 0.09652
0.42329 0.19522 0.43300 0.29755 0.30195 0.00000
0.49965 0.10062 0.43565 0.41460 0.00000 0.00000
0.00000 0.00005 0.09747 0.10099 0.00036 0.80920
0.00000 0.00000 0.00000 0.00000 0.39687 0.00000
