initial: 6
0.50771 0.49229 0.00000 0.00000 0.00000 0.00000

transition: 6
0.29175 0.50785 0.00687 0.19294 0.00000 0.00058
0.00103 0.50177 0.19878 0.00000 0.00000 0.29842
0.00208 0.00024 0.20293 0.78869 0.00000 0.00606
0.00013 0.00131 0.00445 0.28079 0.51328 0.20005
0.00000 0.00000 0.00000 0.00000 0.50079 0.49921
0.59886 0.00000 0.20657 0.19456 0.00000 0.00000

observation: 6
0.00012 0.29983 0.00171 0.10016 0.29871 0.09833
0.09988 0.39660 0.00000 0.10146 0.00000 0.10061
0.40447 0.19994 0.48996 0.29582 0.30232 0.00000
0.49553 0.10363 0.50646 0.40262 0.00000 0.00000
0.00000 0.00000 0.00187 0.09994 0.00000 0.80106
0.00000 0.00000 0.00000 0.00000 0.39897 0.00000
