initial: 6
0.71942 0.00274 0.09051 0.18733 0.00000 0.00000

transition: 6
0.29567 0.01097 0.50377 0.00086 0.00000 0.18874
0.20011 0.20225 0.59739 0.00008 0.00015 0.00001
0.00319 0.49717 0.19891 0.30063 0.00000 0.00010
0.00015 0.20205 0.00021 0.59752 0.00000 0.20007
0.10736 0.00000 0.00000 0.00000 0.50116 0.39148
0.00055 0.39450 0.00000 0.00000 0.30444 0.30051

observation: 6
0.69534 0.49746 0.30173 0.10009 0.00028 0.09775
0.00174 0.00127 0.39930 0.09924 0.10267 0.09726
0.30290 0.00029 0.20030 0.19608 0.09783 0.30212
0.00001 0.50098 0.09850 0.00000 0.00181 0.40379
0.00000 0.00000 0.00016 0.60460 0.00294 0.09907
0.00000 0.00000 0.00000 0.00000 0.79447 0.00000
