initial: 6
0.73222 0.00020 0.08266 0.18492 0.00000 0.00000

transition: 6
0.29668 0.03525 0.48416 0.00466 0.00000 0.17925
0.20843 0.21736 0.57189 0.00231 0.00000 0.00001
0.00616 0.50969 0.17564 0.30803 0.00000 0.00048
0.00150 0.20394 0.00019 0.59562 0.00000 0.19874
0.10782 0.00000 0.00000 0.00000 0.50493 0.38726
0.00326 0.39459 0.00000 0.00000 0.30828 0.29388

observation: 6
0.69017 0.49171 0.29419 0.09890 0.00252 0.09611
0.00585 0.00806 0.40962 0.09730 0.10252 0.09514
0.30187 0.00135 0.20146 0.19546 0.09728 0.30434
0.00208 0.49887 0.09393 0.00000 0.00534 0.40456
0.00004 0.00000 0.00079 0.60834 0.00261 0.09985
0.00000 0.00000 0.00000 0.00000 0.78973 0.00000
