initial: 6
0.60814 0.38921 0.00021 0.00244 0.00000 0.00000

transition: 6
0.24765 0.47205 0.08053 0.11408 0.04879 0.03690
0.04769 0.38411 0.34044 0.03787 0.06216 0.12772
0.14951 0.04007 0.16819 0.58284 0.04897 0.01042
0.04880 0.09475 0.06375 0.31556 0.41614 0.06100
0.00043 0.01359 0.01679 0.00041 0.50635 0.46244
0.65255 0.00461 0.02960 0.29377 0.01779 0.00168

observation: 6
0.01370 0.33582 0.04300 0.01985 0.31286 0.07974
0.10211 0.41924 0.13375 0.03856 0.00349 0.06343
0.41514 0.15620 0.23117 0.37196 0.30381 0.01222
0.46859 0.07826 0.22976 0.53079 0.00945 0.00150
0.00046 0.01038 0.36232 0.03880 0.00756 0.84301
0.00000 0.00010 0.00000 0.00003 0.36283 0.00011
