initial: 6
0.50694 0.49306 0.00000 0.00000 0.00000 0.00000

transition: 6
0.28977 0.49662 0.00760 0.20404 0.00001 0.00196
0.00320 0.50116 0.19865 0.00003 0.00000 0.29696
0.00279 0.00052 0.20911 0.78348 0.00008 0.00402
0.00019 0.00285 0.00523 0.26849 0.52060 0.20263
0.00000 0.00000 0.00000 0.00000 0.50090 0.49910
0.61436 0.00005 0.19481 0.19078 0.00000 0.00000

observation: 6
0.00005 0.29983 0.00385 0.10057 0.29839 0.09794
0.09821 0.39686 0.00001 0.10121 0.00000 0.10035
0.40572 0.19967 0.48722 0.29540 0.30256 0.00000
0.49601 0.10363 0.50378 0.40290 0.00000 0.00000
0.00000 0.00000 0.00513 0.09991 0.00000 0.80170
0.00000 0.00000 0.00000 0.00000 0.39906 0.00000
