initial: 6
0.03359 0.13285 0.09012 0.18501 0.00000 0.55843

transition: 6
0.18692 0.53068 0.26260 0.00077 0.00699 0.01204
0.14576 0.47488 0.27513 0.06639 0.00002 0.03782
0.54299 0.04911 0.01867 0.37231 0.00406 0.01286
0.18741 0.03404 0.05190 0.54401 0.00274 0.17990
0.02735 0.09159 0.00002 0.00001 0.54460 0.33643
0.38407 0.03035 0.00006 0.00000 0.36152 0.22400

observation: 6
0.41973 0.56399 0.16248 0.08695 0.01551 0.09100
0.01436 0.12326 0.52657 0.05525 0.09875 0.07831
0.02387 0.16324 0.25479 0.17637 0.11060 0.34558
0.54111 0.14912 0.01661 0.00008 0.03461 0.38079
0.00092 0.00039 0.03955 0.68135 0.00916 0.10430
0.00000 0.00000 0.00000 0.00000 0.73138 0.00002
