initial: 6
0.74644 0.00000 0.07077 0.18279 0.00000 0.00000

transition: 6
0.29962 0.06514 0.46041 0.00755 0.00000 0.16728
0.21843 0.24766 0.52661 0.00728 0.00000 0.00002
0.00959 0.53662 0.12885 0.32380 0.00002 0.00111
0.00343 0.20714 0.00044 0.59248 0.00001 0.19649
0.10786 0.00000 0.00000 0.00000 0.50985 0.38229
0.00772 0.39450 0.00000 0.00000 0.31311 0.28467

observation: 6
0.68254 0.48197 0.28197 0.09710 0.00455 0.09486
0.01237 0.02144 0.42699 0.09475 0.10389 0.08997
0.30095 0.00279 0.20547 0.19509 0.09690 0.30728
0.00404 0.49378 0.08354 0.00000 0.00828 0.40735
0.00010 0.00002 0.00202 0.61306 0.00289 0.10054
0.00000 0.00000 0.00000 0.00000 0.78349 0.00000
