initial: 6
0.50754 0.49246 0.00000 0.00000 0.00000 0.00000

transition: 6
0.29041 0.50139 0.00753 0.19888 0.00000 0.00178
0.00280 0.50107 0.19865 0.00002 0.00000 0.29745
0.00254 0.00046 0.20781 0.78479 0.00006 0.00433
0.00017 0.00253 0.00503 0.27149 0.51885 0.20193
0.00000 0.00000 0.00000 0.00000 0.50088 0.49912
0.60768 0.00004 0.20066 0.19162 0.00000 0.00000

observation: 6
0.00005 0.29990 0.00335 0.10049 0.29844 0.09803
0.09903 0.39672 0.00001 0.10136 0.00000 0.10043
0.40515 0.19978 0.48772 0.29544 0.30251 0.00000
0.49577 0.10359 0.50466 0.40278 0.00000 0.00000
0.00000 0.00000 0.00426 0.09992 0.00000 0.80154
0.00000 0.00000 0.00000 0.00000 0.39905 0.00000
