initial: 6
0.76803 0.00000 0.05574 0.17623 0.00000 0.00000

transition: 6
0.28042 0.12870 0.41258 0.02377 0.00000 0.15452
0.01308 0.37573 0.57436 0.03683 0.00000 0.00000
0.03344 0.58206 0.05871 0.32553 0.00000 0.00025
0.02504 0.18673 0.00036 0.57567 0.00029 0.21190
0.10784 0.00001 0.00000 0.00000 0.56903 0.32313
0.02067 0.42865 0.00023 0.00000 0.32374 0.22671

observation: 6
0.95908 0.44998 0.25837 0.07552 0.01582 0.09119
0.01505 0.04018 0.47394 0.09398 0.10907 0.07938
0.01517 0.02785 0.23840 0.82993 0.10566 0.32307
0.01070 0.48199 0.02929 0.00057 0.05277 0.40832
0.00000 0.00000 0.00000 0.00000 0.01672 0.09803
0.00000 0.00000 0.00000 0.00000 0.69996 0.00000
