initial: 6
0.72904 0.00067 0.08481 0.18548 0.00000 0.00000

transition: 6
0.29622 0.02926 0.48907 0.00380 0.00000 0.18165
0.20641 0.21259 0.57941 0.00157 0.00000 0.00001
0.00553 0.50571 0.18261 0.30576 0.00000 0.00039
0.00117 0.20333 0.00017 0.59616 0.00000 0.19918
0.10772 0.00000 0.00000 0.00000 0.50413 0.38815
0.00256 0.39458 0.00000 0.00000 0.30734 0.29551

observation: 6
0.69160 0.49323 0.29635 0.09923 0.00204 0.09653
0.00468 0.00608 0.40665 0.09780 0.10246 0.09582
0.30211 0.00109 0.20096 0.19557 0.09749 0.30368
0.00159 0.49959 0.09544 0.00000 0.00468 0.40427
0.00003 0.00000 0.00061 0.60740 0.00264 0.09969
0.00000 0.00000 0.00000 0.00000 0.79070 0.00000
