initial: 6
0.76919 0.00000 0.05606 0.17475 0.00000 0.00000

transition: 6
0.29906 0.14848 0.39785 0.00806 0.00007 0.14647
0.22217 0.34765 0.40237 0.02774 0.00000 0.00007
0.02509 0.59454 0.01566 0.35681 0.00051 0.00740
0.01702 0.19725 0.00884 0.57688 0.00029 0.19972
0.10600 0.00019 0.00000 0.00000 0.53229 0.36153
0.03826 0.38524 0.00000 0.00000 0.32260 0.25390

observation: 6
0.67570 0.45220 0.25089 0.08552 0.00998 0.09362
0.01903 0.05781 0.47722 0.08708 0.10886 0.07593
0.29470 0.00828 0.23036 0.19092 0.10800 0.30277
0.00973 0.48131 0.02863 0.00000 0.01468 0.42618
0.00084 0.00039 0.01290 0.63648 0.00604 0.10148
0.00000 0.00000 0.00000 0.00000 0.75244 0.00003
