initial: 6
0.72266 0.00272 0.08788 0.18674 0.00000 0.00000

transition: 6
0.29552 0.01793 0.49822 0.00200 0.00000 0.18633
0.20248 0.20546 0.59156 0.00048 0.00001 0.00001
0.00422 0.49970 0.19354 0.30232 0.00000 0.00022
0.00054 0.20235 0.00015 0.59708 0.00000 0.19988
0.10746 0.00000 0.00000 0.00000 0.50251 0.39003
0.00132 0.39447 0.00000 0.00000 0.30552 0.29869

observation: 6
0.69409 0.49588 0.29996 0.09979 0.00099 0.09747
0.00280 0.00289 0.40177 0.09874 0.10252 0.09680
0.30278 0.00060 0.20037 0.19583 0.09781 0.30250
0.00033 0.50064 0.09757 0.00000 0.00316 0.40394
0.00001 0.00000 0.00032 0.60563 0.00282 0.09930
0.00000 0.00000 0.00000 0.00000 0.79270 0.00000
