initial: 6
0.00000 0.10631 0.09447 0.21014 0.00000 0.58907

transition: 6
0.20298 0.21097 0.58604 0.00000 0.00000 0.00000
0.02795 0.28755 0.49917 0.00286 0.00000 0.18246
0.49612 0.00722 0.19221 0.30446 0.00000 0.00000
0.20035 0.00063 0.00124 0.59860 0.00000 0.19917
0.00000 0.10313 0.00000 0.00000 0.50386 0.39300
0.39828 0.00008 0.00000 0.00000 0.30427 0.29737

observation: 6
0.49414 0.69446 0.29885 0.10046 0.00043 0.09893
0.00240 0.00455 0.40360 0.09874 0.10255 0.09595
0.00001 0.29757 0.19915 0.19635 0.09916 0.30144
0.50345 0.00343 0.09813 0.00000 0.00439 0.40237
0.00000 0.00000 0.00027 0.60444 0.00208 0.10131
0.00000 0.00000 0.00000 0.00000 0.79139 0.00000
