initial: 6
0.71757 0.00241 0.09263 0.18739 0.00000 0.00000

transition: 6
0.29606 0.00705 0.50720 0.00013 0.00000 0.18956
0.19871 0.20083 0.60007 0.00000 0.00038 0.00001
0.00240 0.49566 0.20269 0.29925 0.00000 0.00001
0.00001 0.20134 0.00270 0.59640 0.00000 0.19956
0.10744 0.00000 0.00000 0.00000 0.49969 0.39287
0.00002 0.39389 0.00000 0.00000 0.30439 0.30170

observation: 6
0.69605 0.49833 0.30263 0.09989 0.00001 0.09734
0.00108 0.00011 0.39820 0.09860 0.10325 0.09698
0.30288 0.00005 0.20041 0.19624 0.09744 0.30235
0.00000 0.50151 0.09874 0.00000 0.00022 0.40411
0.00000 0.00000 0.00002 0.60527 0.00265 0.09923
0.00000 0.00000 0.00000 0.00000 0.79643 0.00000
