initial: 6
0.50621 0.49379 0.00000 0.00000 0.00000 0.00000

transition: 6
0.28909 0.49161 0.00770 0.20951 0.00001 0.00207
0.00351 0.50135 0.19863 0.00004 0.00000 0.29646
0.00302 0.00058 0.21004 0.78246 0.00010 0.00381
0.00020 0.00313 0.00540 0.26602 0.52204 0.20321
0.00000 0.00000 0.00000 0.00000 0.50092 0.49908
0.62156 0.00006 0.18829 0.19009 0.00000 0.00000

observation: 6
0.00006 0.29973 0.00430 0.10064 0.29835 0.09788
0.09731 0.39700 0.00001 0.10105 0.00000 0.10027
0.40635 0.19957 0.48683 0.29540 0.30259 0.00000
0.49628 0.10370 0.50290 0.40302 0.00000 0.00000
0.00000 0.00000 0.00596 0.09989 0.00000 0.80185
0.00000 0.00000 0.00000 0.00000 0.39906 0.00000
