initial: 6
0.50112 0.49888 0.00000 0.00000 0.00000 0.00000

transition: 6
0.28463 0.46447 0.00859 0.23998 0.00006 0.00227
0.00471 0.50295 0.19872 0.00009 0.00001 0.29352
0.00424 0.00090 0.21302 0.77841 0.00019 0.00324
0.00028 0.00439 0.00618 0.25654 0.52735 0.20526
0.00000 0.00000 0.00000 0.00000 0.50092 0.49908
0.66437 0.00011 0.14804 0.18748 0.00000 0.00000

observation: 6
0.00008 0.29889 0.00636 0.10097 0.29825 0.09759
0.09199 0.39771 0.00004 0.10023 0.00000 0.09990
0.41025 0.19908 0.48467 0.29560 0.30264 0.00000
0.49768 0.10432 0.49788 0.40348 0.00000 0.00000
0.00000 0.00000 0.01105 0.09972 0.00000 0.80251
0.00000 0.00000 0.00000 0.00000 0.39911 0.00000
