initial: 6
0.71760 0.00242 0.09255 0.18743 0.00000 0.00000

transition: 6
0.29604 0.00708 0.50712 0.00015 0.00000 0.18960
0.19870 0.20087 0.60004 0.00000 0.00037 0.00001
0.00240 0.49577 0.20247 0.29935 0.00000 0.00001
0.00001 0.20146 0.00226 0.59663 0.00000 0.19964
0.10742 0.00000 0.00000 0.00000 0.49978 0.39280
0.00004 0.39402 0.00000 0.00000 0.30430 0.30164

observation: 6
0.69605 0.49833 0.30261 0.09995 0.00001 0.09737
0.00107 0.00018 0.39819 0.09876 0.10317 0.09708
0.30288 0.00007 0.20041 0.19625 0.09750 0.30231
0.00000 0.50142 0.09876 0.00000 0.00031 0.40406
0.00000 0.00000 0.00002 0.60505 0.00270 0.09919
0.00000 0.00000 0.00000 0.00000 0.79631 0.00000
