initial: 6
0.00504 0.16126 0.06305 0.20049 0.00000 0.57016

transition: 6
0.16254 0.53113 0.29991 0.00046 0.00159 0.00437
0.14066 0.45463 0.25790 0.08676 0.00000 0.06005
0.55841 0.03940 0.03152 0.36626 0.00151 0.00291
0.19013 0.02284 0.01985 0.57820 0.00095 0.18802
0.00818 0.10615 0.00000 0.00000 0.53521 0.35045
0.39796 0.01543 0.00001 0.00000 0.34215 0.24446

observation: 6
0.45142 0.56665 0.16476 0.09342 0.01463 0.09427
0.00926 0.10772 0.54817 0.08397 0.09984 0.08033
0.00626 0.18859 0.22056 0.18805 0.11054 0.32759
0.53268 0.13686 0.04907 0.00000 0.02431 0.39293
0.00038 0.00018 0.01744 0.63455 0.00555 0.10487
0.00000 0.00000 0.00000 0.00000 0.74513 0.00000
