initial: 6
0.72657 0.00151 0.08594 0.18598 0.00000 0.00000

transition: 6
0.29590 0.02490 0.49262 0.00313 0.00000 0.18344
0.20492 0.20954 0.58442 0.00110 0.00000 0.00001
0.00506 0.50315 0.18715 0.30431 0.00000 0.00032
0.00094 0.20292 0.00015 0.59653 0.00000 0.19947
0.10763 0.00000 0.00000 0.00000 0.50355 0.38883
0.00208 0.39456 0.00000 0.00000 0.30665 0.29671

observation: 6
0.69260 0.49426 0.29783 0.09946 0.00166 0.09687
0.00390 0.00477 0.40465 0.09817 0.10246 0.09624
0.30236 0.00090 0.20067 0.19566 0.09764 0.30320
0.00113 0.50006 0.09636 0.00000 0.00415 0.40412
0.00002 0.00000 0.00050 0.60672 0.00269 0.09956
0.00000 0.00000 0.00000 0.00000 0.79141 0.00000
