initial: 6
0.06118 0.10859 0.10566 0.17784 0.00000 0.54672

transition: 6
0.20330 0.52652 0.24371 0.00092 0.01067 0.01488
0.14855 0.48511 0.28435 0.05453 0.00005 0.02740
0.52795 0.05325 0.01727 0.37809 0.00516 0.01829
0.19069 0.03972 0.06832 0.52408 0.00366 0.17353
0.04241 0.08180 0.00007 0.00005 0.54851 0.32717
0.37272 0.03857 0.00012 0.00000 0.37263 0.21595

observation: 6
0.39747 0.56780 0.15968 0.08541 0.01519 0.09071
0.01990 0.12943 0.51092 0.03851 0.09714 0.08008
0.03916 0.15047 0.26702 0.16773 0.11034 0.35527
0.54230 0.15181 0.01065 0.00024 0.03971 0.37060
0.00117 0.00050 0.05173 0.70811 0.01159 0.10320
0.00000 0.00000 0.00000 0.00000 0.72603 0.00014
