initial: 6
0.72732 0.00122 0.08564 0.18582 0.00000 0.00000

transition: 6
0.29600 0.02621 0.49156 0.00334 0.00000 0.18290
0.20537 0.21041 0.58297 0.00124 0.00000 0.00001
0.00520 0.50389 0.18584 0.30473 0.00000 0.00034
0.00101 0.20304 0.00016 0.59642 0.00000 0.19938
0.10766 0.00000 0.00000 0.00000 0.50372 0.38862
0.00222 0.39457 0.00000 0.00000 0.30686 0.29635

observation: 6
0.69230 0.49396 0.29739 0.09939 0.00178 0.09676
0.00412 0.00515 0.40523 0.09806 0.10246 0.09612
0.30227 0.00096 0.20075 0.19563 0.09760 0.30335
0.00128 0.49993 0.09610 0.00000 0.00431 0.40416
0.00002 0.00000 0.00053 0.60692 0.00267 0.09960
0.00000 0.00000 0.00000 0.00000 0.79119 0.00000
