initial: 6
0.00014 0.15936 0.05549 0.20819 0.00000 0.57682

transition: 6
0.16113 0.47232 0.36589 0.00016 0.00008 0.00041
0.14581 0.41342 0.26884 0.09288 0.00000 0.07906
0.54329 0.02581 0.08402 0.34669 0.00011 0.00009
0.19614 0.01318 0.00584 0.59310 0.00009 0.19164
0.00107 0.11100 0.00000 0.00000 0.52331 0.36462
0.40177 0.00530 0.00000 0.00000 0.32674 0.26619

observation: 6
0.46720 0.59855 0.17990 0.10002 0.01104 0.09556
0.00820 0.08051 0.53284 0.09342 0.09840 0.08818
0.00075 0.21925 0.19055 0.19358 0.10873 0.31457
0.52377 0.10163 0.09205 0.00000 0.01580 0.39739
0.00008 0.00006 0.00466 0.61298 0.00325 0.10430
0.00000 0.00000 0.00000 0.00000 0.76279 0.00000
