initial: 6
0.50767 0.49233 0.00000 0.00000 0.00000 0.00000

transition: 6
0.29182 0.50793 0.00676 0.19298 0.00000 0.00050
0.00092 0.50183 0.19880 0.00000 0.00000 0.29844
0.00212 0.00022 0.20277 0.78872 0.00000 0.00617
0.00014 0.00123 0.00444 0.28109 0.51310 0.20000
0.00000 0.00000 0.00000 0.00000 0.50079 0.49921
0.59877 0.00000 0.20655 0.19468 0.00000 0.00000

observation: 6
0.00015 0.29982 0.00162 0.10014 0.29872 0.09835
0.09988 0.39659 0.00000 0.10146 0.00000 0.10061
0.40446 0.19995 0.49006 0.29584 0.30232 0.00000
0.49552 0.10364 0.50653 0.40262 0.00000 0.00000
0.00000 0.00000 0.00178 0.09994 0.00000 0.80104
0.00000 0.00000 0.00000 0.00000 0.39896 0.00000
