initial: 6
0.71958 0.00053 0.09168 0.18821 0.00000 0.00000

transition: 6
0.30880 0.00111 0.49322 0.00021 0.00000 0.19665
0.00086 0.20064 0.79755 0.00095 0.00000 0.00000
0.00031 0.49938 0.20150 0.29881 0.00000 0.00000
0.00001 0.20166 0.00001 0.59778 0.00000 0.20055
0.10495 0.00000 0.00000 0.00000 0.49824 0.39681
0.00003 0.39467 0.00000 0.00000 0.30077 0.30452

observation: 6
0.99543 0.49853 0.29766 0.09831 0.00035 0.09895
0.00247 0.00010 0.39999 0.09974 0.10420 0.09741
0.00210 0.00201 0.20089 0.80195 0.09086 0.30896
0.00000 0.49929 0.10141 0.00000 0.00451 0.39582
0.00000 0.00008 0.00004 0.00000 0.00234 0.09887
0.00000 0.00000 0.00000 0.00000 0.79774 0.00000
