initial: 6
0.50744 0.49256 0.00000 0.00000 0.00000 0.00000

transition: 6
0.29191 0.50858 0.00611 0.19336 0.00000 0.00004
0.00012 0.50231 0.19904 0.00000 0.00000 0.29853
0.00358 0.00007 0.20130 0.78833 0.00000 0.00672
0.00020 0.00039 0.00445 0.28280 0.51229 0.19986
0.00000 0.00000 0.00000 0.00000 0.50078 0.49922
0.59833 0.00000 0.20645 0.19522 0.00000 0.00000

observation: 6
0.00031 0.29971 0.00102 0.10009 0.29879 0.09842
0.09990 0.39653 0.00000 0.10141 0.00000 0.10061
0.40436 0.20000 0.49068 0.29595 0.30228 0.00000
0.49544 0.10377 0.50694 0.40260 0.00000 0.00000
0.00000 0.00000 0.00135 0.09995 0.00000 0.80097
0.00000 0.00000 0.00000 0.00000 0.39893 0.00000
