initial: 6
0.77924 0.00001 0.08040 0.14035 0.00000 0.00000

transition: 6
0.37810 0.34661 0.19558 0.00443 0.00974 0.06554
0.18791 0.59443 0.19458 0.02076 0.00035 0.00198
0.14549 0.23089 0.01267 0.55080 0.00334 0.05681
0.10417 0.13058 0.07933 0.46224 0.00334 0.22034
0.11933 0.01064 0.00004 0.00031 0.60063 0.26906
0.31168 0.13714 0.00023 0.00000 0.32405 0.22690

observation: 6
0.61262 0.37063 0.26118 0.04694 0.02747 0.04828
0.03010 0.19649 0.42117 0.01102 0.10490 0.07532
0.23843 0.05952 0.26000 0.14395 0.15207 0.24986
0.11529 0.37114 0.01087 0.00400 0.02611 0.53152
0.00355 0.00222 0.04679 0.79408 0.02536 0.08053
0.00000 0.00000 0.00000 0.00000 0.66409 0.01449
