initial: 6
0.72045 0.00001 0.09213 0.18741 0.00000 0.00000

transition: 6
0.30822 0.00633 0.48699 0.00155 0.00000 0.19691
0.00059 0.21016 0.78329 0.00596 0.00000 0.00000
0.00123 0.50601 0.19381 0.29894 0.00000 0.00000
0.00054 0.20197 0.00001 0.59629 0.00000 0.20119
0.10490 0.00000 0.00000 0.00000 0.50402 0.39108
0.00034 0.39820 0.00000 0.00000 0.30233 0.29912

observation: 6
0.99524 0.49681 0.29647 0.09716 0.00190 0.09841
0.00219 0.00177 0.40457 0.09931 0.10447 0.09655
0.00241 0.00427 0.20042 0.80352 0.09143 0.31027
0.00015 0.49715 0.09855 0.00001 0.00956 0.39569
0.00000 0.00000 0.00000 0.00000 0.00348 0.09907
0.00000 0.00000 0.00000 0.00000 0.78917 0.00000
