initial: 6
0.77943 0.00000 0.08027 0.14030 0.00000 0.00000

transition: 6
0.36596 0.32232 0.22096 0.00418 0.00674 0.07984
0.19649 0.57299 0.20625 0.02297 0.00016 0.00115
0.11464 0.29710 0.00766 0.51154 0.00327 0.06580
0.08294 0.13734 0.08132 0.46740 0.00325 0.22775
0.11178 0.00725 0.00001 0.00011 0.59565 0.28521
0.26214 0.19857 0.00016 0.00000 0.31534 0.22379

observation: 6
0.65231 0.36293 0.25037 0.05105 0.02594 0.05939
0.02578 0.18581 0.43736 0.00877 0.10638 0.07142
0.24333 0.05419 0.26129 0.14599 0.15093 0.25278
0.07512 0.39472 0.00937 0.00168 0.02264 0.52451
0.00346 0.00235 0.04162 0.79251 0.02334 0.08493
0.00000 0.00000 0.00000 0.00000 0.67076 0.00698
