initial: 6
0.00000 0.10359 0.09634 0.21030 0.00000 0.58978

transition: 6
0.20267 0.20402 0.59327 0.00000 0.00003 0.00000
0.01296 0.28716 0.51131 0.00033 0.00001 0.18824
0.49569 0.00590 0.19618 0.30223 0.00000 0.00000
0.20039 0.00015 0.00106 0.59878 0.00000 0.19961
0.00000 0.10204 0.00000 0.00000 0.50271 0.39525
0.39784 0.00002 0.00000 0.00000 0.30303 0.29911

observation: 6
0.49515 0.69886 0.30176 0.10047 0.00002 0.09952
0.00181 0.00187 0.39999 0.09926 0.10302 0.09592
0.00000 0.29845 0.20002 0.19643 0.09852 0.30137
0.50303 0.00083 0.09808 0.00000 0.00339 0.40218
0.00000 0.00000 0.00015 0.60384 0.00206 0.10101
0.00000 0.00000 0.00000 0.00000 0.79299 0.00000
