initial: 6
0.00008 0.15774 0.05621 0.20849 0.00000 0.57748

transition: 6
0.16370 0.45965 0.37618 0.00014 0.00005 0.00028
0.14683 0.40525 0.27357 0.09252 0.00000 0.08183
0.54013 0.02443 0.09205 0.34328 0.00006 0.00005
0.19670 0.01215 0.00513 0.59389 0.00006 0.19205
0.00078 0.11099 0.00000 0.00000 0.52202 0.36621
0.40194 0.00454 0.00000 0.00000 0.32522 0.26830

observation: 6
0.46942 0.60396 0.18389 0.10043 0.01060 0.09543
0.00795 0.07580 0.52843 0.09381 0.09840 0.08906
0.00057 0.22383 0.18856 0.19403 0.10841 0.31339
0.52199 0.09635 0.09516 0.00000 0.01490 0.39793
0.00006 0.00006 0.00396 0.61173 0.00305 0.10419
0.00000 0.00000 0.00000 0.00000 0.76465 0.00000
