initial: 6
0.50768 0.49232 0.00000 0.00000 0.00000 0.00000

transition: 6
0.29179 0.50790 0.00680 0.19296 0.00000 0.00053
0.00096 0.50181 0.19879 0.00000 0.00000 0.29844
0.00211 0.00023 0.20283 0.78871 0.00000 0.00612
0.00014 0.00126 0.00444 0.28098 0.51316 0.20002
0.00000 0.00000 0.00000 0.00000 0.50079 0.49921
0.59880 0.00000 0.20656 0.19464 0.00000 0.00000

observation: 6
0.00014 0.29982 0.00165 0.10015 0.29872 0.09834
0.09988 0.39659 0.00000 0.10146 0.00000 0.10061
0.40446 0.19995 0.49002 0.29583 0.30232 0.00000
0.49552 0.10364 0.50651 0.40262 0.00000 0.00000
0.00000 0.00000 0.00181 0.09994 0.00000 0.80105
0.00000 0.00000 0.00000 0.00000 0.39897 0.00000
