initial: 6
0.50778 0.49222 0.00000 0.00000 0.00000 0.00000

transition: 6
0.29162 0.50767 0.00706 0.19290 0.00000 0.00075
0.00125 0.50165 0.19874 0.00000 0.00000 0.29836
0.00205 0.00027 0.20331 0.78854 0.00001 0.00583
0.00013 0.00146 0.00447 0.28007 0.51370 0.20016
0.00000 0.00000 0.00000 0.00000 0.50080 0.49920
0.59909 0.00001 0.20659 0.19431 0.00000 0.00000

observation: 6
0.00009 0.29986 0.00188 0.10019 0.29868 0.09830
0.09988 0.39660 0.00000 0.10147 0.00000 0.10060
0.40449 0.19993 0.48973 0.29577 0.30234 0.00000
0.49554 0.10361 0.50632 0.40263 0.00000 0.00000
0.00000 0.00000 0.00207 0.09994 0.00000 0.80110
0.00000 0.00000 0.00000 0.00000 0.39898 0.00000
