initial: 6
0.71894 0.00266 0.09099 0.18741 0.00000 0.00000

transition: 6
0.29573 0.00993 0.50469 0.00068 0.00000 0.18898
0.19966 0.20192 0.59812 0.00004 0.00025 0.00001
0.00299 0.49688 0.19970 0.30035 0.00000 0.00007
0.00010 0.20208 0.00025 0.59755 0.00000 0.20002
0.10738 0.00000 0.00000 0.00000 0.50089 0.39174
0.00042 0.39460 0.00000 0.00000 0.30429 0.30069

observation: 6
0.69554 0.49772 0.30197 0.10012 0.00018 0.09760
0.00155 0.00104 0.39895 0.09929 0.10270 0.09734
0.30290 0.00024 0.20034 0.19612 0.09780 0.30220
0.00000 0.50100 0.09860 0.00000 0.00154 0.40377
0.00000 0.00000 0.00014 0.60447 0.00293 0.09909
0.00000 0.00000 0.00000 0.00000 0.79484 0.00000
