initial: 6
0.50746 0.49254 0.00000 0.00000 0.00000 0.00000

transition: 6
0.29198 0.50847 0.00612 0.19335 0.00000 0.00008
0.00022 0.50224 0.19900 0.00000 0.00000 0.29853
0.00319 0.00010 0.20156 0.78846 0.00000 0.00669
0.00020 0.00053 0.00445 0.28265 0.51232 0.19985
0.00000 0.00000 0.00000 0.00000 0.50078 0.49922
0.59838 0.00000 0.20644 0.19519 0.00000 0.00000

observation: 6
0.00029 0.29972 0.00108 0.10009 0.29878 0.09842
0.09989 0.39654 0.00000 0.10142 0.00000 0.10061
0.40438 0.19999 0.49063 0.29594 0.30228 0.00000
0.49545 0.10375 0.50691 0.40260 0.00000 0.00000
0.00000 0.00000 0.00138 0.09995 0.00000 0.80097
0.00000 0.00000 0.00000 0.00000 0.39894 0.00000
