initial: 6
0.00000 0.10380 0.09618 0.21028 0.00000 0.58973

transition: 6
0.20271 0.20458 0.59269 0.00000 0.00002 0.00000
0.01431 0.28713 0.51029 0.00046 0.00000 0.18781
0.49570 0.00602 0.19585 0.30243 0.00000 0.00000
0.20037 0.00019 0.00108 0.59877 0.00000 0.19959
0.00000 0.10214 0.00000 0.00000 0.50282 0.39504
0.39786 0.00002 0.00000 0.00000 0.30313 0.29898

observation: 6
0.49507 0.69848 0.30153 0.10047 0.00003 0.09951
0.00187 0.00209 0.40028 0.09921 0.10298 0.09592
0.00000 0.29841 0.19995 0.19643 0.09857 0.30135
0.50307 0.00103 0.09807 0.00000 0.00351 0.40218
0.00000 0.00000 0.00016 0.60390 0.00206 0.10103
0.00000 0.00000 0.00000 0.00000 0.79284 0.00000
