initial: 6
0.72104 0.00286 0.08907 0.18704 0.00000 0.00000

transition: 6
0.29552 0.01462 0.50082 0.00145 0.00000 0.18759
0.20138 0.20380 0.59453 0.00026 0.00003 0.00001
0.00376 0.49836 0.19620 0.30150 0.00000 0.00017
0.00035 0.20215 0.00016 0.59731 0.00000 0.20003
0.10738 0.00000 0.00000 0.00000 0.50193 0.39068
0.00096 0.39442 0.00000 0.00000 0.30500 0.29963

observation: 6
0.69471 0.49663 0.30085 0.09994 0.00065 0.09773
0.00230 0.00209 0.40055 0.09900 0.10258 0.09702
0.30288 0.00045 0.20030 0.19594 0.09785 0.30222
0.00011 0.50083 0.09805 0.00000 0.00259 0.40387
0.00000 0.00000 0.00025 0.60512 0.00289 0.09916
0.00000 0.00000 0.00000 0.00000 0.79344 0.00000
