initial: 6
0.00000 0.12599 0.07906 0.20966 0.00000 0.58529

transition: 6
0.19875 0.27701 0.52421 0.00003 0.00000 0.00000
0.10131 0.30853 0.40825 0.04209 0.00000 0.13982
0.50590 0.01345 0.16455 0.31610 0.00000 0.00000
0.20062 0.00307 0.00184 0.59813 0.00000 0.19634
0.00000 0.10728 0.00000 0.00000 0.50919 0.38353
0.40013 0.00052 0.00000 0.00000 0.31072 0.28863

observation: 6
0.48864 0.66783 0.26747 0.10118 0.00444 0.09555
0.00451 0.02491 0.43788 0.09696 0.10023 0.09541
0.00003 0.28218 0.19118 0.19635 0.10260 0.30344
0.50681 0.02506 0.10267 0.00000 0.00710 0.40312
0.00000 0.00002 0.00079 0.60551 0.00198 0.10248
0.00000 0.00000 0.00000 0.00000 0.78364 0.00000
