initial: 6
0.71947 0.00047 0.09180 0.18826 0.00000 0.00000

transition: 6
0.30897 0.00041 0.49407 0.00001 0.00000 0.19655
0.00110 0.19972 0.79905 0.00013 0.00000 0.00000
0.00006 0.49876 0.20214 0.29905 0.00000 0.00000
0.00000 0.20166 0.00001 0.59797 0.00000 0.20036
0.10495 0.00000 0.00000 0.00000 0.49666 0.39839
0.00001 0.39374 0.00000 0.00000 0.30028 0.30597

observation: 6
0.99550 0.49882 0.29759 0.09847 0.00005 0.09895
0.00247 0.00001 0.39946 0.09979 0.10419 0.09749
0.00203 0.00159 0.20122 0.80174 0.09059 0.30867
0.00000 0.49950 0.10169 0.00000 0.00300 0.39599
0.00000 0.00009 0.00003 0.00000 0.00199 0.09890
0.00000 0.00000 0.00000 0.00000 0.80018 0.00000
