initial: 6
0.48886 0.51114 0.00000 0.00000 0.00000 0.00000

transition: 6
0.26908 0.41224 0.01473 0.30119 0.00058 0.00218
0.00854 0.50505 0.20256 0.00046 0.00021 0.28319
0.01064 0.00309 0.21708 0.76484 0.00105 0.00330
0.00067 0.00875 0.00978 0.24359 0.53178 0.20543
0.00000 0.00000 0.00000 0.00000 0.50095 0.49905
0.76960 0.00025 0.04735 0.18280 0.00000 0.00000

observation: 6
0.00017 0.29709 0.01083 0.10197 0.29823 0.09704
0.08049 0.40008 0.00074 0.09908 0.00000 0.09920
0.41979 0.19787 0.46924 0.29574 0.30255 0.00000
0.49955 0.10496 0.48153 0.40361 0.00000 0.00000
0.00000 0.00000 0.03766 0.09960 0.00000 0.80376
0.00000 0.00000 0.00000 0.00000 0.39921 0.00000
