initial: 6
0.50756 0.49244 0.00000 0.00000 0.00000 0.00000

transition: 6
0.29198 0.50815 0.00642 0.19316 0.00000 0.00028
0.00060 0.50202 0.19888 0.00000 0.00000 0.29850
0.00237 0.00017 0.20231 0.78869 0.00000 0.00646
0.00015 0.00096 0.00444 0.28187 0.51267 0.19990
0.00000 0.00000 0.00000 0.00000 0.50079 0.49921
0.59857 0.00000 0.20648 0.19495 0.00000 0.00000

observation: 6
0.00022 0.29977 0.00136 0.10010 0.29875 0.09838
0.09987 0.39657 0.00000 0.10144 0.00000 0.10062
0.40443 0.19997 0.49035 0.29589 0.30230 0.00000
0.49548 0.10369 0.50673 0.40262 0.00000 0.00000
0.00000 0.00000 0.00156 0.09995 0.00000 0.80100
0.00000 0.00000 0.00000 0.00000 0.39895 0.00000
