initial: 6
0.48757 0.51243 0.00000 0.00000 0.00000 0.00000

transition: 6
0.25747 0.40245 0.02240 0.31341 0.00190 0.00237
0.01342 0.50180 0.20622 0.00130 0.00113 0.27613
0.02190 0.00663 0.20479 0.75959 0.00306 0.00403
0.00130 0.01369 0.01424 0.24080 0.52917 0.20079
0.00000 0.00000 0.00000 0.00000 0.50135 0.49865
0.79992 0.00039 0.02080 0.17886 0.00003 0.00000

observation: 6
0.00026 0.29751 0.01372 0.10098 0.29859 0.09628
0.07772 0.40220 0.00272 0.09821 0.00001 0.09838
0.42212 0.19682 0.45681 0.29545 0.30247 0.00000
0.49991 0.10347 0.46824 0.40513 0.00000 0.00000
0.00000 0.00000 0.05852 0.10023 0.00003 0.80534
0.00000 0.00000 0.00000 0.00000 0.39890 0.00000
