initial: 6
0.77117 0.00000 0.05674 0.17208 0.00000 0.00000

transition: 6
0.30015 0.16385 0.38689 0.00779 0.00017 0.14115
0.22372 0.35918 0.38732 0.02969 0.00000 0.00009
0.02849 0.59406 0.01027 0.35636 0.00070 0.01013
0.02109 0.19061 0.01465 0.57121 0.00043 0.20201
0.10545 0.00032 0.00000 0.00000 0.53752 0.35671
0.04890 0.37862 0.00000 0.00000 0.32413 0.24834

observation: 6
0.67960 0.44464 0.24584 0.08292 0.01140 0.09260
0.01834 0.06231 0.48483 0.08227 0.10917 0.07450
0.29028 0.01001 0.23456 0.18876 0.11186 0.29968
0.01065 0.48244 0.01826 0.00000 0.01549 0.43159
0.00113 0.00060 0.01650 0.64605 0.00696 0.10158
0.00000 0.00000 0.00000 0.00000 0.74512 0.00006
