initial: 6
0.00000 0.14353 0.06540 0.20927 0.00000 0.58179

transition: 6
0.18540 0.36370 0.45082 0.00006 0.00000 0.00002
0.14079 0.34772 0.32772 0.07767 0.00000 0.10610
0.52068 0.01838 0.13437 0.32656 0.00000 0.00000
0.19960 0.00638 0.00268 0.59702 0.00000 0.19431
0.00007 0.10949 0.00000 0.00000 0.51463 0.37581
0.40164 0.00151 0.00000 0.00000 0.31685 0.28000

observation: 6
0.48192 0.63944 0.22388 0.10157 0.00769 0.09468
0.00598 0.04721 0.48433 0.09571 0.09896 0.09342
0.00011 0.25645 0.18489 0.19592 0.10568 0.30720
0.51197 0.05687 0.10530 0.00000 0.01004 0.40138
0.00001 0.00003 0.00160 0.60679 0.00222 0.10332
0.00000 0.00000 0.00000 0.00000 0.77540 0.00000
