initial: 6
0.75225 0.00000 0.06817 0.17958 0.00000 0.00000

transition: 6
0.30191 0.08229 0.41951 0.01263 0.00000 0.18365
0.00426 0.34573 0.61644 0.03357 0.00000 0.00000
0.01373 0.57079 0.09953 0.31589 0.00000 0.00007
0.01243 0.20009 0.00014 0.58126 0.00011 0.20598
0.10717 0.00000 0.00000 0.00000 0.54469 0.34814
0.00819 0.42024 0.00003 0.00000 0.31871 0.25282

observation: 6
0.97200 0.47411 0.26630 0.08154 0.01122 0.09301
0.01005 0.02615 0.46017 0.09539 0.10730 0.08596
0.00986 0.02029 0.22795 0.82284 0.09888 0.31917
0.00809 0.47945 0.04559 0.00023 0.03886 0.40232
0.00000 0.00000 0.00000 0.00000 0.01172 0.09953
0.00000 0.00000 0.00000 0.00000 0.73202 0.00000
