initial: 6
0.49979 0.50021 0.00000 0.00000 0.00000 0.00000

transition: 6
0.28342 0.45841 0.00888 0.24695 0.00007 0.00227
0.00496 0.50335 0.19883 0.00010 0.00001 0.29275
0.00456 0.00099 0.21358 0.77748 0.00022 0.00318
0.00030 0.00468 0.00637 0.25485 0.52823 0.20556
0.00000 0.00000 0.00000 0.00000 0.50092 0.49908
0.67488 0.00012 0.13801 0.18699 0.00000 0.00000

observation: 6
0.00009 0.29866 0.00682 0.10106 0.29824 0.09753
0.09073 0.39788 0.00005 0.10006 0.00000 0.09983
0.41123 0.19898 0.48393 0.29566 0.30263 0.00000
0.49795 0.10448 0.49664 0.40354 0.00000 0.00000
0.00000 0.00000 0.01256 0.09967 0.00000 0.80264
0.00000 0.00000 0.00000 0.00000 0.39913 0.00000
