initial: 6
0.77535 0.00000 0.07908 0.14557 0.00000 0.00000

transition: 6
0.33162 0.26287 0.29579 0.00470 0.00284 0.10218
0.21993 0.47055 0.28204 0.02708 0.00003 0.00036
0.06155 0.48117 0.00346 0.40285 0.00240 0.04858
0.05448 0.14922 0.07638 0.49300 0.00237 0.22455
0.10338 0.00284 0.00000 0.00001 0.57715 0.31662
0.16064 0.29552 0.00007 0.00000 0.31902 0.22475

observation: 6
0.69664 0.38344 0.22136 0.06635 0.02105 0.07789
0.01904 0.13176 0.48446 0.01168 0.10794 0.07118
0.25616 0.03527 0.25675 0.15919 0.14161 0.26853
0.02523 0.44744 0.00539 0.00021 0.01925 0.48588
0.00294 0.00209 0.03203 0.76257 0.01675 0.09490
0.00000 0.00000 0.00000 0.00000 0.69340 0.00161
