initial: 6
0.48759 0.51241 0.00000 0.00000 0.00000 0.00000

transition: 6
0.26289 0.40504 0.01874 0.30991 0.00118 0.00224
0.01096 0.50373 0.20454 0.00083 0.00056 0.27938
0.01584 0.00478 0.21283 0.76092 0.00195 0.00367
0.00096 0.01121 0.01210 0.24125 0.53098 0.20350
0.00000 0.00000 0.00000 0.00000 0.50112 0.49888
0.78953 0.00032 0.02920 0.18094 0.00001 0.00000

observation: 6
0.00020 0.29721 0.01222 0.10173 0.29836 0.09671
0.07862 0.40122 0.00162 0.09873 0.00000 0.09883
0.42138 0.19730 0.46245 0.29548 0.30254 0.00000
0.49979 0.10428 0.47472 0.40411 0.00000 0.00000
0.00000 0.00000 0.04899 0.09994 0.00001 0.80446
0.00000 0.00000 0.00000 0.00000 0.39909 0.00000
