initial: 6
0.79260 0.00000 0.05194 0.15546 0.00000 0.00000

transition: 6
0.24175 0.24401 0.37235 0.06064 0.00076 0.08049
0.08609 0.41046 0.47113 0.03230 0.00000 0.00001
0.11802 0.54729 0.00832 0.31922 0.00004 0.00712
0.06917 0.09488 0.00540 0.56190 0.00617 0.26248
0.10621 0.00027 0.00000 0.00000 0.64145 0.25207
0.09369 0.44565 0.01058 0.00000 0.31239 0.13768

observation: 6
0.93834 0.36328 0.19299 0.05866 0.02870 0.08721
0.01699 0.06976 0.52533 0.07893 0.11452 0.05864
0.03091 0.06200 0.27022 0.85867 0.12844 0.32131
0.01376 0.50496 0.01146 0.00374 0.08464 0.44406
0.00000 0.00000 0.00000 0.00000 0.03085 0.08877
0.00000 0.00000 0.00000 0.00000 0.61285 0.00000
