initial: 6
0.00000 0.13091 0.07510 0.20954 0.00000 0.58445

transition: 6
0.19623 0.29832 0.50542 0.00003 0.00000 0.00000
0.11505 0.31701 0.38502 0.05302 0.00000 0.12989
0.50940 0.01487 0.15699 0.31874 0.00000 0.00000
0.20051 0.00377 0.00201 0.59794 0.00000 0.19576
0.00001 0.10793 0.00000 0.00000 0.51052 0.38155
0.40055 0.00069 0.00000 0.00000 0.31224 0.28652

observation: 6
0.48716 0.66084 0.25668 0.10135 0.00536 0.09513
0.00489 0.03053 0.44931 0.09664 0.09981 0.09505
0.00005 0.27633 0.18907 0.19631 0.10343 0.30426
0.50790 0.03229 0.10399 0.00000 0.00777 0.40286
0.00001 0.00002 0.00095 0.60570 0.00200 0.10270
0.00000 0.00000 0.00000 0.00000 0.78163 0.00000
