initial: 6
0.71948 0.00047 0.09179 0.18826 0.00000 0.00000

transition: 6
0.30896 0.00045 0.49402 0.00001 0.00000 0.19655
0.00108 0.19976 0.79900 0.00017 0.00000 0.00000
0.00007 0.49877 0.20212 0.29904 0.00000 0.00000
0.00000 0.20165 0.00001 0.59796 0.00000 0.20038
0.10495 0.00000 0.00000 0.00000 0.49676 0.39829
0.00001 0.39380 0.00000 0.00000 0.30031 0.30588

observation: 6
0.99549 0.49880 0.29760 0.09846 0.00006 0.09895
0.00248 0.00001 0.39949 0.09979 0.10419 0.09749
0.00203 0.00161 0.20120 0.80175 0.09061 0.30868
0.00000 0.49949 0.10168 0.00000 0.00310 0.39598
0.00000 0.00009 0.00003 0.00000 0.00202 0.09890
0.00000 0.00000 0.00000 0.00000 0.80002 0.00000
