initial: 6
0.50758 0.49242 0.00000 0.00000 0.00000 0.00000

transition: 6
0.29195 0.50810 0.00650 0.19312 0.00000 0.00033
0.00067 0.50197 0.19886 0.00000 0.00000 0.29849
0.00229 0.00018 0.20242 0.78871 0.00000 0.00640
0.00015 0.00103 0.00444 0.28170 0.51276 0.19992
0.00000 0.00000 0.00000 0.00000 0.50079 0.49921
0.59861 0.00000 0.20650 0.19489 0.00000 0.00000

observation: 6
0.00020 0.29978 0.00142 0.10011 0.29875 0.09837
0.09987 0.39657 0.00000 0.10145 0.00000 0.10062
0.40443 0.19997 0.49029 0.29588 0.30230 0.00000
0.49549 0.10368 0.50669 0.40262 0.00000 0.00000
0.00000 0.00000 0.00161 0.09995 0.00000 0.80101
0.00000 0.00000 0.00000 0.00000 0.39895 0.00000
