initial: 6
0.72568 0.00000 0.08857 0.18575 0.00000 0.00000

transition: 6
0.30850 0.02105 0.47061 0.00336 0.00000 0.19648
0.00081 0.24364 0.74038 0.01516 0.00000 0.00000
0.00266 0.52362 0.17153 0.30220 0.00000 0.00000
0.00221 0.20343 0.00002 0.59281 0.00001 0.20152
0.10523 0.00000 0.00000 0.00000 0.51235 0.38242
0.00111 0.40326 0.00000 0.00000 0.30612 0.28951

observation: 6
0.99191 0.49341 0.28984 0.09382 0.00423 0.09701
0.00294 0.00641 0.41807 0.09859 0.10488 0.09456
0.00351 0.00813 0.20483 0.80757 0.09180 0.31277
0.00163 0.49205 0.08726 0.00002 0.01663 0.39623
0.00000 0.00000 0.00000 0.00000 0.00511 0.09942
0.00000 0.00000 0.00000 0.00000 0.77735 0.00000
