initial: 6
0.00000 0.11053 0.09141 0.21002 0.00000 0.58804

transition: 6
0.20285 0.22268 0.57446 0.00001 0.00000 0.00000
0.04698 0.29010 0.48047 0.00926 0.00000 0.17319
0.49751 0.00877 0.18636 0.30736 0.00000 0.00000
0.20044 0.00121 0.00140 0.59847 0.00000 0.19848
0.00000 0.10441 0.00000 0.00000 0.50521 0.39038
0.39879 0.00017 0.00000 0.00000 0.30588 0.29516

observation: 6
0.49286 0.68837 0.29369 0.10057 0.00136 0.09790
0.00305 0.00874 0.40956 0.09820 0.10193 0.09594
0.00001 0.29537 0.19766 0.19632 0.09999 0.30172
0.50408 0.00752 0.09869 0.00000 0.00519 0.40277
0.00000 0.00001 0.00040 0.60490 0.00205 0.10166
0.00000 0.00000 0.00000 0.00000 0.78949 0.00000
