initial: 6
0.72133 0.00000 0.09158 0.18708 0.00000 0.00000

transition: 6
0.30821 0.00912 0.48383 0.00197 0.00000 0.19686
0.00061 0.21634 0.77505 0.00801 0.00000 0.00000
0.00153 0.50958 0.18945 0.29944 0.00000 0.00000
0.00086 0.20230 0.00001 0.59559 0.00000 0.20125
0.10495 0.00000 0.00000 0.00000 0.50588 0.38917
0.00048 0.39937 0.00000 0.00000 0.30314 0.29701

observation: 6
0.99472 0.49610 0.29535 0.09650 0.00244 0.09811
0.00228 0.00267 0.40713 0.09916 0.10456 0.09614
0.00261 0.00513 0.20097 0.80433 0.09148 0.31084
0.00038 0.49611 0.09655 0.00001 0.01118 0.39578
0.00000 0.00000 0.00000 0.00000 0.00384 0.09914
0.00000 0.00000 0.00000 0.00000 0.78651 0.00000
