initial: 6
0.50761 0.49239 0.00000 0.00000 0.00000 0.00000

transition: 6
0.29191 0.50804 0.00660 0.19306 0.00000 0.00039
0.00076 0.50192 0.19884 0.00000 0.00000 0.29848
0.00222 0.00020 0.20254 0.78872 0.00000 0.00632
0.00014 0.00111 0.00444 0.28150 0.51287 0.19995
0.00000 0.00000 0.00000 0.00000 0.50079 0.49921
0.59866 0.00000 0.20652 0.19482 0.00000 0.00000

observation: 6
0.00018 0.29980 0.00149 0.10012 0.29874 0.09836
0.09987 0.39658 0.00000 0.10145 0.00000 0.10062
0.40444 0.19996 0.49021 0.29586 0.30231 0.00000
0.49550 0.10366 0.50663 0.40262 0.00000 0.00000
0.00000 0.00000 0.00166 0.09995 0.00000 0.80102
0.00000 0.00000 0.00000 0.00000 0.39896 0.00000
