initial: 6
0.00000 0.10593 0.09474 0.21016 0.00000 0.58918

transition: 6
0.20296 0.20996 0.58708 0.00000 0.00000 0.00000
0.02601 0.28741 0.50087 0.00240 0.00000 0.18331
0.49603 0.00705 0.19276 0.30417 0.00000 0.00000
0.20035 0.00057 0.00122 0.59862 0.00000 0.19924
0.00000 0.10299 0.00000 0.00000 0.50372 0.39329
0.39822 0.00007 0.00000 0.00000 0.30410 0.29761

observation: 6
0.49427 0.69505 0.29928 0.10046 0.00035 0.09903
0.00233 0.00416 0.40308 0.09881 0.10261 0.09595
0.00000 0.29773 0.19928 0.19636 0.09908 0.30142
0.50339 0.00306 0.09810 0.00000 0.00429 0.40233
0.00000 0.00000 0.00026 0.60437 0.00208 0.10127
0.00000 0.00000 0.00000 0.00000 0.79159 0.00000
