initial: 6
0.71960 0.00024 0.09218 0.18798 0.00000 0.00000

transition: 6
0.30853 0.00241 0.49148 0.00069 0.00000 0.19689
0.00074 0.20246 0.79427 0.00253 0.00000 0.00000
0.00070 0.50094 0.19968 0.29868 0.00000 0.00000
0.00010 0.20155 0.00001 0.59735 0.00000 0.20098
0.10489 0.00000 0.00000 0.00000 0.50044 0.39467
0.00013 0.39596 0.00000 0.00000 0.30098 0.30293

observation: 6
0.99558 0.49800 0.29757 0.09811 0.00090 0.09886
0.00225 0.00050 0.40115 0.09959 0.10432 0.09721
0.00216 0.00277 0.20035 0.80230 0.09120 0.30934
0.00000 0.49874 0.10092 0.00000 0.00646 0.39559
0.00000 0.00000 0.00001 0.00000 0.00275 0.09900
0.00000 0.00000 0.00000 0.00000 0.79437 0.00000
