initial: 6
0.00000 0.10611 0.09461 0.21015 0.00000 0.58913

transition: 6
0.20297 0.21044 0.58658 0.00000 0.00000 0.00000
0.02695 0.28748 0.50005 0.00262 0.00000 0.18290
0.49607 0.00713 0.19249 0.30431 0.00000 0.00000
0.20035 0.00060 0.00123 0.59861 0.00000 0.19921
0.00000 0.10306 0.00000 0.00000 0.50379 0.39315
0.39825 0.00008 0.00000 0.00000 0.30418 0.29749

observation: 6
0.49421 0.69476 0.29907 0.10046 0.00039 0.09898
0.00236 0.00435 0.40333 0.09878 0.10258 0.09595
0.00001 0.29765 0.19922 0.19636 0.09912 0.30143
0.50342 0.00324 0.09811 0.00000 0.00434 0.40235
0.00000 0.00000 0.00027 0.60441 0.00208 0.10129
0.00000 0.00000 0.00000 0.00000 0.79149 0.00000
