initial: 6
0.50744 0.49256 0.00000 0.00000 0.00000 0.00000

transition: 6
0.29193 0.50855 0.00611 0.19336 0.00000 0.00005
0.00015 0.50229 0.19903 0.00000 0.00000 0.29853
0.00346 0.00008 0.20138 0.78836 0.00000 0.00671
0.00020 0.00043 0.00445 0.28276 0.51230 0.19986
0.00000 0.00000 0.00000 0.00000 0.50078 0.49922
0.59834 0.00000 0.20645 0.19521 0.00000 0.00000

observation: 6
0.00030 0.29971 0.00104 0.10009 0.29879 0.09842
0.09989 0.39653 0.00000 0.10141 0.00000 0.10061
0.40437 0.19999 0.49067 0.29595 0.30228 0.00000
0.49544 0.10376 0.50694 0.40260 0.00000 0.00000
0.00000 0.00000 0.00136 0.09995 0.00000 0.80097
0.00000 0.00000 0.00000 0.00000 0.39894 0.00000
