initial: 6
0.72588 0.00178 0.08621 0.18612 0.00000 0.00000

transition: 6
0.29582 0.02373 0.49357 0.00295 0.00000 0.18394
0.20451 0.20879 0.58571 0.00099 0.00000 0.00001
0.00492 0.50251 0.18831 0.30395 0.00000 0.00031
0.00087 0.20281 0.00015 0.59662 0.00000 0.19954
0.10760 0.00000 0.00000 0.00000 0.50338 0.38902
0.00195 0.39455 0.00000 0.00000 0.30645 0.29704

observation: 6
0.69286 0.49454 0.29821 0.09952 0.00155 0.09697
0.00370 0.00443 0.40414 0.09827 0.10246 0.09634
0.30244 0.00085 0.20060 0.19568 0.09768 0.30308
0.00098 0.50018 0.09658 0.00000 0.00399 0.40409
0.00002 0.00000 0.00047 0.60653 0.00270 0.09952
0.00000 0.00000 0.00000 0.00000 0.79161 0.00000
