initial: 6
0.71880 0.00264 0.09113 0.18743 0.00000 0.00000

transition: 6
0.29574 0.00962 0.50495 0.00063 0.00000 0.18905
0.19953 0.20182 0.59833 0.00004 0.00028 0.00001
0.00293 0.49680 0.19993 0.30027 0.00000 0.00006
0.00008 0.20208 0.00028 0.59756 0.00000 0.20000
0.10738 0.00000 0.00000 0.00000 0.50080 0.39182
0.00039 0.39462 0.00000 0.00000 0.30425 0.30074

observation: 6
0.69560 0.49779 0.30203 0.10013 0.00015 0.09756
0.00150 0.00097 0.39885 0.09930 0.10271 0.09736
0.30290 0.00023 0.20035 0.19614 0.09779 0.30222
0.00000 0.50101 0.09863 0.00000 0.00145 0.40377
0.00000 0.00000 0.00013 0.60443 0.00293 0.09909
0.00000 0.00000 0.00000 0.00000 0.79496 0.00000
