initial: 6
0.00953 0.15679 0.06907 0.19672 0.00000 0.56789

transition: 6
0.16805 0.53398 0.28842 0.00055 0.00263 0.00636
0.14157 0.46021 0.26120 0.08250 0.00001 0.05452
0.55694 0.04242 0.02573 0.36773 0.00216 0.00502
0.18856 0.02577 0.02685 0.57091 0.00138 0.18653
0.01198 0.10315 0.00000 0.00000 0.53814 0.34673
0.39542 0.01910 0.00001 0.00000 0.34695 0.23851

observation: 6
0.44543 0.56348 0.16414 0.09128 0.01520 0.09329
0.00998 0.11218 0.54536 0.07816 0.10004 0.07879
0.00955 0.18168 0.23054 0.18568 0.11068 0.33206
0.53452 0.14244 0.03705 0.00001 0.02689 0.39096
0.00051 0.00023 0.02291 0.64487 0.00637 0.10490
0.00000 0.00000 0.00000 0.00000 0.74081 0.00000
