initial: 6
0.50760 0.49240 0.00000 0.00000 0.00000 0.00000

transition: 6
0.29192 0.50806 0.00656 0.19308 0.00000 0.00037
0.00073 0.50194 0.19885 0.00000 0.00000 0.29848
0.00224 0.00019 0.20250 0.78872 0.00000 0.00635
0.00014 0.00108 0.00444 0.28157 0.51283 0.19994
0.00000 0.00000 0.00000 0.00000 0.50079 0.49921
0.59864 0.00000 0.20651 0.19485 0.00000 0.00000

observation: 6
0.00019 0.29979 0.00146 0.10011 0.29874 0.09837
0.09987 0.39658 0.00000 0.10145 0.00000 0.10062
0.40444 0.19996 0.49024 0.29587 0.30230 0.00000
0.49550 0.10367 0.50665 0.40262 0.00000 0.00000
0.00000 0.00000 0.00164 0.09995 0.00000 0.80101
0.00000 0.00000 0.00000 0.00000 0.39895 0.00000
