initial: 6
0.50794 0.49206 0.00000 0.00000 0.00000 0.00000

transition: 6
0.29113 0.50614 0.00743 0.19396 0.00000 0.00134
0.00206 0.50123 0.19866 0.00001 0.00000 0.29804
0.00219 0.00037 0.20533 0.78707 0.00003 0.00500
0.00014 0.00199 0.00470 0.27633 0.51597 0.20086
0.00000 0.00000 0.00000 0.00000 0.50083 0.49917
0.60119 0.00002 0.20573 0.19306 0.00000 0.00000

observation: 6
0.00005 0.29992 0.00256 0.10033 0.29856 0.09817
0.09975 0.39661 0.00000 0.10147 0.00000 0.10054
0.40463 0.19990 0.48872 0.29559 0.30242 0.00000
0.49557 0.10357 0.50569 0.40266 0.00000 0.00000
0.00000 0.00000 0.00303 0.09994 0.00000 0.80130
0.00000 0.00000 0.00000 0.00000 0.39902 0.00000
