initial: 6
0.50755 0.49245 0.00000 0.00000 0.00000 0.00000

transition: 6
0.29199 0.50817 0.00640 0.19317 0.00000 0.00027
0.00058 0.50203 0.19889 0.00000 0.00000 0.29850
0.00240 0.00016 0.20227 0.78868 0.00000 0.00648
0.00015 0.00094 0.00444 0.28192 0.51264 0.19990
0.00000 0.00000 0.00000 0.00000 0.50078 0.49922
0.59856 0.00000 0.20647 0.19497 0.00000 0.00000

observation: 6
0.00022 0.29977 0.00134 0.10010 0.29876 0.09838
0.09987 0.39657 0.00000 0.10144 0.00000 0.10062
0.40442 0.19997 0.49037 0.29589 0.30230 0.00000
0.49548 0.10369 0.50674 0.40262 0.00000 0.00000
0.00000 0.00000 0.00155 0.09995 0.00000 0.80100
0.00000 0.00000 0.00000 0.00000 0.39895 0.00000
