initial: 6
0.72024 0.00002 0.09224 0.18750 0.00000 0.00000

transition: 6
0.30825 0.00556 0.48787 0.00141 0.00000 0.19691
0.00060 0.20852 0.78553 0.00535 0.00000 0.00000
0.00115 0.50501 0.19500 0.29884 0.00000 0.00000
0.00045 0.20188 0.00001 0.59649 0.00000 0.20117
0.10489 0.00000 0.00000 0.00000 0.50344 0.39167
0.00030 0.39784 0.00000 0.00000 0.30209 0.29977

observation: 6
0.99536 0.49702 0.29674 0.09735 0.00173 0.09850
0.00218 0.00152 0.40388 0.09936 0.10445 0.09667
0.00236 0.00401 0.20031 0.80329 0.09141 0.31011
0.00010 0.49745 0.09907 0.00001 0.00906 0.39567
0.00000 0.00000 0.00000 0.00000 0.00336 0.09905
0.00000 0.00000 0.00000 0.00000 0.78999 0.00000
