initial: 6
0.00000 0.10827 0.09309 0.21008 0.00000 0.58857

transition: 6
0.20300 0.21621 0.58079 0.00001 0.00000 0.00000
0.03715 0.28852 0.49059 0.00553 0.00000 0.17820
0.49668 0.00798 0.18949 0.30585 0.00000 0.00000
0.20039 0.00092 0.00132 0.59853 0.00000 0.19885
0.00000 0.10377 0.00000 0.00000 0.50453 0.39170
0.39854 0.00012 0.00000 0.00000 0.30505 0.29629

observation: 6
0.49352 0.69156 0.29657 0.10050 0.00086 0.09843
0.00273 0.00647 0.40627 0.09847 0.10224 0.09596
0.00001 0.29665 0.19849 0.19633 0.09956 0.30156
0.50374 0.00531 0.09833 0.00000 0.00481 0.40257
0.00000 0.00000 0.00034 0.60470 0.00207 0.10149
0.00000 0.00000 0.00000 0.00000 0.79046 0.00000
