initial: 6
0.00000 0.10730 0.09378 0.21011 0.00000 0.58882

transition: 6
0.20301 0.21357 0.58342 0.00000 0.00000 0.00000
0.03268 0.28799 0.49487 0.00413 0.00000 0.18033
0.49638 0.00761 0.19083 0.30517 0.00000 0.00000
0.20037 0.00078 0.00128 0.59856 0.00000 0.19901
0.00000 0.10346 0.00000 0.00000 0.50421 0.39233
0.39842 0.00010 0.00000 0.00000 0.30467 0.29681

observation: 6
0.49382 0.69298 0.29773 0.10048 0.00065 0.09868
0.00257 0.00551 0.40492 0.09860 0.10239 0.09595
0.00001 0.29713 0.19882 0.19634 0.09937 0.30150
0.50360 0.00438 0.09822 0.00000 0.00462 0.40247
0.00000 0.00000 0.00031 0.60458 0.00207 0.10140
0.00000 0.00000 0.00000 0.00000 0.79091 0.00000
