initial: 6
0.72059 0.00285 0.08945 0.18712 0.00000 0.00000

transition: 6
0.29554 0.01361 0.50161 0.00129 0.00000 0.18795
0.20106 0.20333 0.59536 0.00020 0.00004 0.00001
0.00362 0.49800 0.19696 0.30127 0.00000 0.00015
0.00030 0.20210 0.00016 0.59737 0.00000 0.20007
0.10737 0.00000 0.00000 0.00000 0.50174 0.39090
0.00084 0.39441 0.00000 0.00000 0.30484 0.29990

observation: 6
0.69489 0.49686 0.30110 0.09999 0.00055 0.09779
0.00215 0.00186 0.40020 0.09907 0.10260 0.09708
0.30289 0.00041 0.20029 0.19597 0.09785 0.30216
0.00006 0.50088 0.09818 0.00000 0.00240 0.40385
0.00000 0.00000 0.00023 0.60497 0.00291 0.09912
0.00000 0.00000 0.00000 0.00000 0.79369 0.00000
