initial: 6
0.00000 0.10262 0.09726 0.21030 0.00000 0.58983

transition: 6
0.20252 0.20108 0.59612 0.00000 0.00029 0.00000
0.00571 0.28750 0.51692 0.00001 0.00005 0.18981
0.49575 0.00529 0.19796 0.30099 0.00000 0.00000
0.20063 0.00001 0.00101 0.59883 0.00000 0.19953
0.00000 0.10159 0.00000 0.00000 0.50205 0.39636
0.39797 0.00001 0.00000 0.00000 0.30251 0.29951

observation: 6
0.49556 0.70104 0.30285 0.10048 0.00000 0.09915
0.00158 0.00048 0.39848 0.09945 0.10327 0.09591
0.00000 0.29844 0.20042 0.19648 0.09821 0.30171
0.50286 0.00003 0.09821 0.00000 0.00259 0.40222
0.00000 0.00000 0.00006 0.60359 0.00200 0.10101
0.00000 0.00000 0.00000 0.00000 0.79393 0.00000
