initial: 6
0.00001 0.15078 0.06033 0.20907 0.00000 0.57980

transition: 6
0.17529 0.40960 0.41494 0.00009 0.00001 0.00006
0.14737 0.37377 0.29779 0.08764 0.00000 0.09343
0.52929 0.02070 0.11691 0.33308 0.00001 0.00001
0.19846 0.00879 0.00347 0.59592 0.00001 0.19335
0.00023 0.11038 0.00000 0.00000 0.51783 0.37156
0.40208 0.00254 0.00000 0.00000 0.32042 0.27497

observation: 6
0.47688 0.62342 0.20285 0.10133 0.00907 0.09490
0.00687 0.05965 0.50735 0.09494 0.09861 0.09173
0.00023 0.24121 0.18474 0.19529 0.10707 0.30975
0.51600 0.07569 0.10271 0.00000 0.01205 0.39988
0.00003 0.00004 0.00235 0.60844 0.00252 0.10374
0.00000 0.00000 0.00000 0.00000 0.77068 0.00000
