initial: 6
0.71836 0.00257 0.09158 0.18749 0.00000 0.00000

transition: 6
0.29581 0.00872 0.50570 0.00048 0.00000 0.18929
0.19917 0.20154 0.59894 0.00002 0.00033 0.00001
0.00274 0.49655 0.20063 0.30003 0.00000 0.00003
0.00004 0.20206 0.00039 0.59755 0.00000 0.19996
0.10739 0.00000 0.00000 0.00000 0.50052 0.39209
0.00027 0.39461 0.00000 0.00000 0.30414 0.30098

observation: 6
0.69578 0.49802 0.30223 0.10015 0.00008 0.09747
0.00132 0.00076 0.39857 0.09933 0.10276 0.09741
0.30290 0.00019 0.20038 0.19618 0.09775 0.30225
0.00000 0.50104 0.09871 0.00000 0.00116 0.40378
0.00000 0.00000 0.00011 0.60434 0.00291 0.09910
0.00000 0.00000 0.00000 0.00000 0.79534 0.00000
