initial: 6
1.00000 0.00000 0.00000 0.00000 0.00000 0.00000

transition: 6
0.50153 0.24988 0.10631 0.14084 0.00075 0.00070
0.05015 0.35417 0.43031 0.15660 0.00444 0.00433
0.00806 0.03628 0.31676 0.55767 0.04353 0.03770
0.00071 0.00935 0.08409 0.43432 0.35629 0.11524
0.09129 0.25994 0.01382 0.00000 0.19331 0.44164
0.26474 0.29644 0.01516 0.00000 0.06387 0.35979

observation: 6
0.29267 0.03921 0.02397 0.08812 0.01739 0.00010
0.24601 0.05970 0.02942 0.08670 0.01772 0.00026
0.46100 0.89103 0.63620 0.22580 0.03408 0.06892
0.00010 0.00980 0.30300 0.50362 0.00547 0.00000
0.00000 0.00010 0.00741 0.09564 0.00687 0.00000
0.00023 0.00017 0.00001 0.00011 0.91846 0.93072
