initial: 6
0.85805 0.00000 0.00092 0.14103 0.00000 0.00000

transition: 6
0.25201 0.39381 0.23746 0.06928 0.00372 0.04372
0.12025 0.60327 0.24866 0.02746 0.00003 0.00033
0.19316 0.24244 0.07539 0.44734 0.00049 0.04119
0.08761 0.05531 0.02470 0.53740 0.03111 0.26387
0.11416 0.00260 0.00005 0.00021 0.68651 0.19648
0.17940 0.42981 0.01702 0.00009 0.25827 0.11541

observation: 6
0.86592 0.29581 0.19659 0.06055 0.03386 0.08142
0.04557 0.20695 0.41851 0.04491 0.12242 0.02309
0.06707 0.08836 0.32141 0.88702 0.16546 0.19651
0.02144 0.40888 0.06350 0.00751 0.07714 0.61290
0.00000 0.00000 0.00000 0.00000 0.03708 0.08578
0.00000 0.00000 0.00000 0.00000 0.56404 0.00031
