initial: 6
0.71947 0.00047 0.09181 0.18826 0.00000 0.00000

transition: 6
0.30898 0.00038 0.49410 0.00001 0.00000 0.19654
0.00111 0.19969 0.79910 0.00010 0.00000 0.00000
0.00005 0.49874 0.20215 0.29906 0.00000 0.00000
0.00000 0.20166 0.00001 0.59797 0.00000 0.20035
0.10495 0.00000 0.00000 0.00000 0.49658 0.39847
0.00001 0.39369 0.00000 0.00000 0.30025 0.30604

observation: 6
0.99550 0.49883 0.29759 0.09847 0.00004 0.09894
0.00247 0.00001 0.39945 0.09979 0.10419 0.09750
0.00202 0.00157 0.20123 0.80173 0.09057 0.30865
0.00000 0.49950 0.10170 0.00000 0.00292 0.39601
0.00000 0.00009 0.00003 0.00000 0.00197 0.09891
0.00000 0.00000 0.00000 0.00000 0.80031 0.00000
