initial: 6
0.71848 0.00259 0.09145 0.18748 0.00000 0.00000

transition: 6
0.29579 0.00898 0.50550 0.00052 0.00000 0.18922
0.19927 0.20162 0.59877 0.00002 0.00032 0.00001
0.00280 0.49662 0.20043 0.30010 0.00000 0.00004
0.00006 0.20207 0.00035 0.59756 0.00000 0.19997
0.10739 0.00000 0.00000 0.00000 0.50060 0.39201
0.00031 0.39463 0.00000 0.00000 0.30417 0.30090

observation: 6
0.69573 0.49796 0.30217 0.10014 0.00010 0.09749
0.00137 0.00082 0.39865 0.09932 0.10275 0.09740
0.30290 0.00020 0.20038 0.19617 0.09776 0.30225
0.00000 0.50103 0.09869 0.00000 0.00124 0.40377
0.00000 0.00000 0.00012 0.60436 0.00292 0.09910
0.00000 0.00000 0.00000 0.00000 0.79523 0.00000
