initial: 6
0.71852 0.00259 0.09142 0.18747 0.00000 0.00000

transition: 6
0.29578 0.00905 0.50544 0.00054 0.00000 0.18920
0.19929 0.20164 0.59872 0.00002 0.00032 0.00001
0.00281 0.49664 0.20038 0.30012 0.00000 0.00004
0.00006 0.20208 0.00034 0.59756 0.00000 0.19997
0.10739 0.00000 0.00000 0.00000 0.50062 0.39199
0.00032 0.39463 0.00000 0.00000 0.30418 0.30088

observation: 6
0.69572 0.49794 0.30216 0.10014 0.00011 0.09749
0.00138 0.00083 0.39867 0.09932 0.10274 0.09739
0.30290 0.00020 0.20037 0.19617 0.09777 0.30225
0.00000 0.50103 0.09868 0.00000 0.00127 0.40377
0.00000 0.00000 0.00012 0.60437 0.00292 0.09910
0.00000 0.00000 0.00000 0.00000 0.79520 0.00000
