initial: 6
0.00000 0.10792 0.09334 0.21009 0.00000 0.58866

transition: 6
0.20300 0.21525 0.58174 0.00000 0.00000 0.00000
0.03556 0.28832 0.49214 0.00501 0.00000 0.17897
0.49657 0.00785 0.18997 0.30561 0.00000 0.00000
0.20038 0.00087 0.00131 0.59854 0.00000 0.19890
0.00000 0.10366 0.00000 0.00000 0.50442 0.39192
0.39850 0.00011 0.00000 0.00000 0.30491 0.29648

observation: 6
0.49363 0.69207 0.29699 0.10050 0.00078 0.09852
0.00267 0.00613 0.40578 0.09852 0.10230 0.09596
0.00001 0.29682 0.19861 0.19633 0.09949 0.30154
0.50369 0.00497 0.09829 0.00000 0.00474 0.40253
0.00000 0.00000 0.00033 0.60466 0.00207 0.10146
0.00000 0.00000 0.00000 0.00000 0.79062 0.00000
