initial: 6
0.00000 0.10865 0.09281 0.21007 0.00000 0.58848

transition: 6
0.20298 0.21727 0.57974 0.00001 0.00000 0.00000
0.03886 0.28876 0.48890 0.00612 0.00000 0.17737
0.49681 0.00811 0.18896 0.30611 0.00000 0.00000
0.20039 0.00097 0.00134 0.59852 0.00000 0.19878
0.00000 0.10388 0.00000 0.00000 0.50465 0.39147
0.39859 0.00013 0.00000 0.00000 0.30519 0.29609

observation: 6
0.49341 0.69102 0.29611 0.10051 0.00095 0.09834
0.00279 0.00685 0.40681 0.09842 0.10219 0.09595
0.00001 0.29645 0.19835 0.19633 0.09963 0.30159
0.50380 0.00568 0.09839 0.00000 0.00488 0.40260
0.00000 0.00000 0.00035 0.60474 0.00206 0.10152
0.00000 0.00000 0.00000 0.00000 0.79029 0.00000
