initial: 6
0.53389 0.18357 0.12117 0.13519 0.02036 0.00582

transition: 6
0.46340 0.39211 0.06139 0.03991 0.01769 0.02550
0.18878 0.47912 0.23464 0.05276 0.01814 0.02656
0.15240 0.12590 0.31054 0.31971 0.04522 0.04623
0.11363 0.09249 0.10489 0.43371 0.20114 0.05413
0.06509 0.05055 0.04656 0.06134 0.45267 0.32378
0.27737 0.07181 0.04376 0.04096 0.15886 0.40725

observation: 6
0.50050 0.47922 0.22541 0.10150 0.05640 0.10204
0.11184 0.18024 0.22972 0.12364 0.06778 0.07616
0.14182 0.11267 0.18825 0.17866 0.23437 0.20895
0.23948 0.21912 0.16629 0.11368 0.15483 0.31246
0.00621 0.00872 0.19023 0.48130 0.20796 0.05330
0.00014 0.00002 0.00010 0.00121 0.27866 0.24710
