initial: 6
0.85048 0.00018 0.00270 0.14665 0.00000 0.00000

transition: 6
0.32977 0.45838 0.11284 0.07448 0.00343 0.02111
0.14347 0.55257 0.25567 0.04308 0.00072 0.00448
0.15986 0.15634 0.27339 0.37028 0.00269 0.03744
0.09246 0.07785 0.06301 0.52960 0.04810 0.18897
0.10912 0.01635 0.00262 0.00233 0.72014 0.14942
0.40170 0.17186 0.01582 0.00152 0.21784 0.19127

observation: 6
0.72865 0.30220 0.20339 0.07101 0.03684 0.07655
0.08886 0.26326 0.26345 0.03821 0.11072 0.03062
0.06591 0.07206 0.40226 0.85854 0.16501 0.13436
0.11641 0.36246 0.13089 0.03159 0.10109 0.63730
0.00016 0.00002 0.00000 0.00065 0.03820 0.10039
0.00000 0.00000 0.00000 0.00000 0.54814 0.02077
