initial: 6
0.00000 0.10363 0.09631 0.21029 0.00000 0.58977

transition: 6
0.20268 0.20413 0.59317 0.00000 0.00003 0.00000
0.01321 0.28715 0.51112 0.00035 0.00000 0.18816
0.49569 0.00592 0.19612 0.30227 0.00000 0.00000
0.20039 0.00016 0.00106 0.59878 0.00000 0.19961
0.00000 0.10206 0.00000 0.00000 0.50273 0.39521
0.39785 0.00002 0.00000 0.00000 0.30305 0.29909

observation: 6
0.49514 0.69879 0.30172 0.10047 0.00002 0.09952
0.00182 0.00191 0.40004 0.09925 0.10302 0.09592
0.00000 0.29844 0.20001 0.19643 0.09853 0.30137
0.50304 0.00086 0.09808 0.00000 0.00341 0.40218
0.00000 0.00000 0.00015 0.60385 0.00206 0.10101
0.00000 0.00000 0.00000 0.00000 0.79297 0.00000
