initial: 6
0.00000 0.10481 0.09549 0.21022 0.00000 0.58947

transition: 6
0.20286 0.20712 0.59001 0.00000 0.00000 0.00000
0.02016 0.28715 0.50574 0.00126 0.00000 0.18569
0.49581 0.00654 0.19435 0.30330 0.00000 0.00000
0.20035 0.00038 0.00115 0.59869 0.00000 0.19943
0.00000 0.10257 0.00000 0.00000 0.50327 0.39416
0.39804 0.00004 0.00000 0.00000 0.30361 0.29830

observation: 6
0.49467 0.69680 0.30047 0.10046 0.00015 0.09931
0.00210 0.00308 0.40162 0.09900 0.10280 0.09593
0.00000 0.29813 0.19963 0.19639 0.09883 0.30137
0.50323 0.00199 0.09806 0.00000 0.00394 0.40223
0.00000 0.00000 0.00022 0.60415 0.00208 0.10115
0.00000 0.00000 0.00000 0.00000 0.79221 0.00000
