initial: 6
0.00000 0.12161 0.08261 0.20977 0.00000 0.58600

transition: 6
0.20044 0.25978 0.53975 0.00002 0.00000 0.00000
0.08768 0.30214 0.42898 0.03224 0.00000 0.14897
0.50313 0.01218 0.17094 0.31376 0.00000 0.00000
0.20064 0.00251 0.00172 0.59825 0.00000 0.19689
0.00000 0.10663 0.00000 0.00000 0.50808 0.38529
0.39977 0.00040 0.00000 0.00000 0.30941 0.29042

observation: 6
0.48985 0.67371 0.27606 0.10101 0.00361 0.09603
0.00416 0.02016 0.42876 0.09726 0.10065 0.09565
0.00003 0.28667 0.19309 0.19635 0.10188 0.30284
0.50596 0.01945 0.10143 0.00000 0.00657 0.40320
0.00000 0.00001 0.00067 0.60538 0.00198 0.10228
0.00000 0.00000 0.00000 0.00000 0.78531 0.00000
