initial: 6
0.00000 0.10951 0.09217 0.21004 0.00000 0.58828

transition: 6
0.20294 0.21971 0.57735 0.00001 0.00000 0.00000
0.04264 0.28934 0.48506 0.00751 0.00000 0.17546
0.49712 0.00842 0.18777 0.30669 0.00000 0.00000
0.20042 0.00108 0.00137 0.59849 0.00000 0.19864
0.00000 0.10413 0.00000 0.00000 0.50491 0.39096
0.39869 0.00015 0.00000 0.00000 0.30551 0.29565

observation: 6
0.49315 0.68979 0.29502 0.10054 0.00114 0.09813
0.00291 0.00772 0.40805 0.09832 0.10207 0.09595
0.00001 0.29597 0.19804 0.19632 0.09980 0.30165
0.50393 0.00652 0.09852 0.00000 0.00503 0.40268
0.00000 0.00000 0.00037 0.60482 0.00206 0.10159
0.00000 0.00000 0.00000 0.00000 0.78992 0.00000
