initial: 6
0.00000 0.13803 0.06952 0.20938 0.00000 0.58306

transition: 6
0.19105 0.33312 0.47578 0.00004 0.00000 0.00001
0.13149 0.33242 0.35213 0.06777 0.00000 0.11619
0.51530 0.01685 0.14500 0.32285 0.00000 0.00000
0.20013 0.00506 0.00232 0.59753 0.00000 0.19495
0.00003 0.10881 0.00000 0.00000 0.51267 0.37849
0.40117 0.00106 0.00000 0.00000 0.31467 0.28310

observation: 6
0.48457 0.64955 0.23902 0.10153 0.00667 0.09476
0.00546 0.03941 0.46807 0.09615 0.09930 0.09428
0.00008 0.26608 0.18635 0.19617 0.10467 0.30573
0.50988 0.04494 0.10530 0.00000 0.00891 0.40218
0.00001 0.00002 0.00126 0.60615 0.00209 0.10303
0.00000 0.00000 0.00000 0.00000 0.77836 0.00000
