initial: 6
0.50789 0.49211 0.00000 0.00000 0.00000 0.00000

transition: 6
0.29095 0.50513 0.00747 0.19496 0.00000 0.00150
0.00229 0.50114 0.19866 0.00001 0.00000 0.29789
0.00229 0.00040 0.20609 0.78641 0.00004 0.00478
0.00015 0.00215 0.00480 0.27492 0.51682 0.20116
0.00000 0.00000 0.00000 0.00000 0.50085 0.49915
0.60256 0.00003 0.20478 0.19263 0.00000 0.00000

observation: 6
0.00005 0.29993 0.00279 0.10038 0.29852 0.09813
0.09961 0.39662 0.00001 0.10146 0.00000 0.10051
0.40473 0.19987 0.48840 0.29554 0.30245 0.00000
0.49561 0.10357 0.50543 0.40269 0.00000 0.00000
0.00000 0.00000 0.00338 0.09993 0.00000 0.80137
0.00000 0.00000 0.00000 0.00000 0.39903 0.00000
