initial: 6
0.72488 0.00000 0.08914 0.18598 0.00000 0.00000

transition: 6
0.30845 0.01894 0.47292 0.00313 0.00000 0.19657
0.00077 0.23886 0.74634 0.01403 0.00000 0.00000
0.00246 0.52128 0.17457 0.30169 0.00000 0.00000
0.00197 0.20327 0.00002 0.59328 0.00001 0.20146
0.10517 0.00000 0.00000 0.00000 0.51128 0.38355
0.00099 0.40263 0.00000 0.00000 0.30562 0.29076

observation: 6
0.99245 0.49388 0.29084 0.09428 0.00395 0.09719
0.00280 0.00576 0.41616 0.09869 0.10482 0.09483
0.00335 0.00764 0.20406 0.80701 0.09171 0.31247
0.00140 0.49272 0.08894 0.00002 0.01575 0.39614
0.00000 0.00000 0.00000 0.00000 0.00490 0.09938
0.00000 0.00000 0.00000 0.00000 0.77887 0.00000
