initial: 6
0.60128 0.12105 0.12047 0.15716 0.00004 0.00000

transition: 6
0.47691 0.42756 0.06115 0.01663 0.00700 0.01075
0.19803 0.52165 0.23456 0.03362 0.00451 0.00763
0.17776 0.12496 0.23720 0.42154 0.01650 0.02205
0.19415 0.10898 0.06437 0.52441 0.07026 0.03784
0.04850 0.02624 0.00785 0.00650 0.57685 0.33405
0.28082 0.05709 0.01109 0.00321 0.20527 0.44251

observation: 6
0.46129 0.44398 0.22702 0.06014 0.02576 0.04875
0.08188 0.18811 0.30726 0.04825 0.09050 0.07298
0.17399 0.10047 0.23725 0.17553 0.21266 0.18906
0.28035 0.26493 0.07873 0.04176 0.14595 0.28208
0.00248 0.00252 0.14973 0.67432 0.04526 0.01954
0.00000 0.00000 0.00000 0.00000 0.47986 0.38758
