initial: 6
0.71960 0.00036 0.09199 0.18805 0.00000 0.00000

transition: 6
0.30859 0.00196 0.49218 0.00054 0.00000 0.19672
0.00077 0.20185 0.79535 0.00203 0.00000 0.00000
0.00059 0.50043 0.20037 0.29861 0.00000 0.00000
0.00006 0.20166 0.00001 0.59748 0.00000 0.20078
0.10491 0.00000 0.00000 0.00000 0.49976 0.39533
0.00009 0.39560 0.00000 0.00000 0.30112 0.30319

observation: 6
0.99554 0.49817 0.29760 0.09808 0.00073 0.09887
0.00232 0.00035 0.40072 0.09963 0.10427 0.09731
0.00214 0.00253 0.20053 0.80228 0.09107 0.30926
0.00000 0.49894 0.10108 0.00000 0.00590 0.39564
0.00000 0.00000 0.00007 0.00000 0.00264 0.09892
0.00000 0.00000 0.00000 0.00000 0.79539 0.00000
