initial: 6
0.71960 0.00046 0.09180 0.18813 0.00000 0.00000

transition: 6
0.30868 0.00162 0.49259 0.00041 0.00000 0.19670
0.00079 0.20135 0.79626 0.00160 0.00000 0.00000
0.00048 0.49998 0.20086 0.29868 0.00000 0.00000
0.00003 0.20164 0.00001 0.59760 0.00000 0.20073
0.10493 0.00000 0.00000 0.00000 0.49918 0.39589
0.00007 0.39525 0.00000 0.00000 0.30096 0.30372

observation: 6
0.99548 0.49834 0.29763 0.09818 0.00058 0.09891
0.00239 0.00024 0.40042 0.09967 0.10424 0.09737
0.00213 0.00233 0.20066 0.80215 0.09101 0.30913
0.00000 0.49909 0.10121 0.00000 0.00539 0.39567
0.00000 0.00000 0.00008 0.00000 0.00253 0.09892
0.00000 0.00000 0.00000 0.00000 0.79626 0.00000
