initial: 6
0.71960 0.00051 0.09171 0.18818 0.00000 0.00000

transition: 6
0.30875 0.00137 0.49290 0.00031 0.00000 0.19668
0.00082 0.20098 0.79692 0.00129 0.00000 0.00000
0.00040 0.49967 0.20119 0.29874 0.00000 0.00000
0.00002 0.20164 0.00001 0.59768 0.00000 0.20065
0.10494 0.00000 0.00000 0.00000 0.49873 0.39633
0.00005 0.39497 0.00000 0.00000 0.30086 0.30412

observation: 6
0.99544 0.49844 0.29765 0.09824 0.00047 0.09893
0.00243 0.00017 0.40020 0.09970 0.10422 0.09740
0.00212 0.00217 0.20077 0.80205 0.09094 0.30905
0.00000 0.49920 0.10132 0.00000 0.00498 0.39572
0.00000 0.00003 0.00007 0.00000 0.00243 0.09890
0.00000 0.00000 0.00000 0.00000 0.79696 0.00000
