initial: 6
0.00000 0.10559 0.09497 0.21017 0.00000 0.58927

transition: 6
0.20294 0.20909 0.58797 0.00000 0.00000 0.00000
0.02428 0.28731 0.50235 0.00203 0.00000 0.18403
0.49595 0.00690 0.19324 0.30391 0.00000 0.00000
0.20035 0.00051 0.00120 0.59864 0.00000 0.19930
0.00000 0.10287 0.00000 0.00000 0.50359 0.39354
0.39817 0.00006 0.00000 0.00000 0.30396 0.29781

observation: 6
0.49439 0.69557 0.29965 0.10046 0.00029 0.09912
0.00226 0.00384 0.40263 0.09886 0.10267 0.09594
0.00000 0.29786 0.19939 0.19637 0.09901 0.30140
0.50334 0.00273 0.09808 0.00000 0.00419 0.40230
0.00000 0.00000 0.00025 0.60431 0.00208 0.10123
0.00000 0.00000 0.00000 0.00000 0.79177 0.00000
