initial: 6
0.00000 0.11398 0.08874 0.20995 0.00000 0.58734

transition: 6
0.20238 0.23324 0.56436 0.00001 0.00000 0.00000
0.06073 0.29317 0.46474 0.01580 0.00000 0.16555
0.49902 0.00988 0.18163 0.30947 0.00000 0.00000
0.20053 0.00162 0.00151 0.59840 0.00000 0.19794
0.00000 0.10523 0.00000 0.00000 0.50615 0.38862
0.39912 0.00024 0.00000 0.00000 0.30705 0.29359

observation: 6
0.49190 0.68372 0.28883 0.10070 0.00210 0.09720
0.00345 0.01223 0.41496 0.09786 0.10149 0.09589
0.00002 0.29308 0.19631 0.19633 0.10060 0.30201
0.50463 0.01097 0.09941 0.00000 0.00566 0.40301
0.00000 0.00001 0.00048 0.60511 0.00202 0.10189
0.00000 0.00000 0.00000 0.00000 0.78815 0.00000
