initial: 6
0.50744 0.49256 0.00000 0.00000 0.00000 0.00000

transition: 6
0.29187 0.50864 0.00612 0.19335 0.00000 0.00002
0.00008 0.50233 0.19906 0.00000 0.00000 0.29853
0.00379 0.00005 0.20117 0.78825 0.00000 0.00674
0.00020 0.00031 0.00445 0.28287 0.51229 0.19987
0.00000 0.00000 0.00000 0.00000 0.50078 0.49922
0.59831 0.00000 0.20646 0.19523 0.00000 0.00000

observation: 6
0.00031 0.29971 0.00100 0.10009 0.29879 0.09843
0.09990 0.39652 0.00000 0.10141 0.00000 0.10061
0.40435 0.20000 0.49071 0.29596 0.30228 0.00000
0.49543 0.10378 0.50696 0.40260 0.00000 0.00000
0.00000 0.00000 0.00133 0.09996 0.00000 0.80097
0.00000 0.00000 0.00000 0.00000 0.39893 0.00000
