initial: 6
0.76077 0.00376 0.09355 0.14192 0.00000 0.00000

transition: 6
0.40070 0.40193 0.14010 0.00515 0.02017 0.03195
0.18201 0.58819 0.20775 0.01708 0.00131 0.00366
0.18726 0.15552 0.03804 0.58912 0.00416 0.02590
0.18254 0.11484 0.06858 0.46926 0.01237 0.15242
0.09322 0.01873 0.00033 0.00091 0.61969 0.26712
0.34478 0.06229 0.00060 0.00003 0.29037 0.30193

observation: 6
0.50770 0.41437 0.27395 0.04222 0.02898 0.03478
0.04511 0.19700 0.39838 0.02027 0.11052 0.06646
0.23075 0.06684 0.25565 0.14923 0.16244 0.23694
0.21345 0.32027 0.01114 0.01664 0.05222 0.47125
0.00299 0.00152 0.06088 0.77164 0.01960 0.07752
0.00000 0.00000 0.00000 0.00000 0.62624 0.11305
