initial: 6
0.71974 0.00010 0.09237 0.18779 0.00000 0.00000

transition: 6
0.30839 0.00339 0.49035 0.00095 0.00000 0.19692
0.00065 0.20420 0.79166 0.00349 0.00000 0.00000
0.00086 0.50220 0.19827 0.29867 0.00000 0.00000
0.00021 0.20164 0.00001 0.59707 0.00000 0.20108
0.10488 0.00000 0.00000 0.00000 0.50154 0.39357
0.00018 0.39664 0.00000 0.00000 0.30135 0.30183

observation: 6
0.99558 0.49766 0.29739 0.09788 0.00119 0.09875
0.00219 0.00081 0.40198 0.09951 0.10437 0.09703
0.00222 0.00320 0.20023 0.80261 0.09130 0.30960
0.00001 0.49832 0.10040 0.00000 0.00742 0.39560
0.00000 0.00000 0.00000 0.00000 0.00298 0.09902
0.00000 0.00000 0.00000 0.00000 0.79274 0.00000
