initial: 6
0.77668 0.00000 0.05095 0.17237 0.00000 0.00000

transition: 6
0.25616 0.16861 0.41322 0.03589 0.00002 0.12610
0.02854 0.38602 0.54832 0.03712 0.00000 0.00000
0.05794 0.57833 0.03271 0.33030 0.00000 0.00072
0.03888 0.16703 0.00080 0.57145 0.00068 0.22116
0.10754 0.00002 0.00000 0.00000 0.59047 0.30197
0.03708 0.43369 0.00090 0.00000 0.32493 0.20339

observation: 6
0.95175 0.42316 0.25124 0.07112 0.01978 0.09069
0.01686 0.05040 0.48315 0.09247 0.11013 0.07452
0.01946 0.03483 0.24540 0.83533 0.11176 0.32582
0.01193 0.49161 0.02022 0.00107 0.06438 0.41325
0.00000 0.00000 0.00000 0.00000 0.02110 0.09572
0.00000 0.00000 0.00000 0.00000 0.67285 0.00000
