initial: 6
0.71826 0.00255 0.09169 0.18751 0.00000 0.00000

transition: 6
0.29583 0.00850 0.50588 0.00044 0.00000 0.18935
0.19909 0.20146 0.59909 0.00001 0.00034 0.00001
0.00270 0.49649 0.20081 0.29998 0.00000 0.00003
0.00004 0.20204 0.00044 0.59754 0.00000 0.19995
0.10739 0.00000 0.00000 0.00000 0.50045 0.39216
0.00025 0.39459 0.00000 0.00000 0.30411 0.30105

observation: 6
0.69582 0.49807 0.30227 0.10015 0.00007 0.09746
0.00127 0.00070 0.39851 0.09933 0.10278 0.09741
0.30290 0.00018 0.20039 0.19619 0.09774 0.30225
0.00000 0.50105 0.09873 0.00000 0.00108 0.40379
0.00000 0.00000 0.00010 0.60433 0.00290 0.09910
0.00000 0.00000 0.00000 0.00000 0.79544 0.00000
