initial: 6
0.50769 0.49231 0.00000 0.00000 0.00000 0.00000

transition: 6
0.29178 0.50789 0.00683 0.19296 0.00000 0.00055
0.00098 0.50179 0.19879 0.00000 0.00000 0.29843
0.00210 0.00023 0.20286 0.78870 0.00000 0.00610
0.00013 0.00128 0.00444 0.28092 0.51320 0.20003
0.00000 0.00000 0.00000 0.00000 0.50079 0.49921
0.59882 0.00000 0.20657 0.19461 0.00000 0.00000

observation: 6
0.00013 0.29983 0.00167 0.10015 0.29871 0.09834
0.09988 0.39659 0.00000 0.10146 0.00000 0.10061
0.40447 0.19995 0.49000 0.29582 0.30232 0.00000
0.49552 0.10363 0.50649 0.40262 0.00000 0.00000
0.00000 0.00000 0.00183 0.09994 0.00000 0.80105
0.00000 0.00000 0.00000 0.00000 0.39897 0.00000
