initial: 6
0.71958 0.00053 0.09168 0.18821 0.00000 0.00000

transition: 6
0.30881 0.00109 0.49325 0.00020 0.00000 0.19665
0.00086 0.20061 0.79760 0.00093 0.00000 0.00000
0.00031 0.49935 0.20153 0.29881 0.00000 0.00000
0.00001 0.20166 0.00001 0.59778 0.00000 0.20054
0.10495 0.00000 0.00000 0.00000 0.49820 0.39685
0.00003 0.39465 0.00000 0.00000 0.30076 0.30456

observation: 6
0.99543 0.49853 0.29766 0.09832 0.00034 0.09895
0.00247 0.00009 0.39998 0.09974 0.10420 0.09741
0.00210 0.00200 0.20090 0.80194 0.09086 0.30895
0.00000 0.49930 0.10142 0.00000 0.00447 0.39582
0.00000 0.00008 0.00004 0.00000 0.00233 0.09887
0.00000 0.00000 0.00000 0.00000 0.79780 0.00000
