initial: 6
0.01798 0.14810 0.07788 0.19157 0.00000 0.56446

transition: 6
0.17592 0.53375 0.27636 0.00066 0.00433 0.00899
0.14333 0.46668 0.26699 0.07583 0.00001 0.04716
0.55218 0.04563 0.02148 0.36939 0.00301 0.00831
0.18733 0.02944 0.03728 0.55996 0.00197 0.18403
0.01790 0.09855 0.00001 0.00000 0.54128 0.34227
0.39110 0.02396 0.00003 0.00000 0.35322 0.23170

observation: 6
0.43547 0.56236 0.16368 0.08899 0.01553 0.09209
0.01147 0.11735 0.53826 0.06895 0.09976 0.07789
0.01491 0.17342 0.24219 0.18203 0.11071 0.33791
0.53746 0.14657 0.02571 0.00003 0.03026 0.38734
0.00070 0.00030 0.03017 0.65999 0.00751 0.10477
0.00000 0.00000 0.00000 0.00000 0.73623 0.00000
