initial: 6
0.71821 0.00254 0.09174 0.18751 0.00000 0.00000

transition: 6
0.29584 0.00840 0.50596 0.00042 0.00000 0.18938
0.19906 0.20143 0.59916 0.00001 0.00034 0.00001
0.00267 0.49646 0.20089 0.29995 0.00000 0.00003
0.00003 0.20203 0.00046 0.59753 0.00000 0.19994
0.10739 0.00000 0.00000 0.00000 0.50041 0.39220
0.00023 0.39458 0.00000 0.00000 0.30410 0.30108

observation: 6
0.69584 0.49810 0.30229 0.10015 0.00006 0.09745
0.00125 0.00068 0.39848 0.09933 0.10279 0.09741
0.30290 0.00017 0.20039 0.19620 0.09773 0.30224
0.00000 0.50106 0.09873 0.00000 0.00104 0.40379
0.00000 0.00000 0.00010 0.60433 0.00290 0.09910
0.00000 0.00000 0.00000 0.00000 0.79548 0.00000
