initial: 6
0.50767 0.49233 0.00000 0.00000 0.00000 0.00000

transition: 6
0.29181 0.50792 0.00678 0.19297 0.00000 0.00052
0.00094 0.50182 0.19880 0.00000 0.00000 0.29844
0.00211 0.00022 0.20280 0.78871 0.00000 0.00615
0.00014 0.00125 0.00444 0.28104 0.51313 0.20001
0.00000 0.00000 0.00000 0.00000 0.50079 0.49921
0.59878 0.00000 0.20656 0.19466 0.00000 0.00000

observation: 6
0.00014 0.29982 0.00164 0.10014 0.29872 0.09834
0.09988 0.39659 0.00000 0.10146 0.00000 0.10061
0.40446 0.19995 0.49004 0.29583 0.30232 0.00000
0.49552 0.10364 0.50652 0.40262 0.00000 0.00000
0.00000 0.00000 0.00180 0.09994 0.00000 0.80104
0.00000 0.00000 0.00000 0.00000 0.39897 0.00000
