initial: 6
0.71994 0.00004 0.09237 0.18765 0.00000 0.00000

transition: 6
0.30831 0.00439 0.48921 0.00118 0.00000 0.19692
0.00061 0.20613 0.78888 0.00438 0.00000 0.00000
0.00100 0.50349 0.19679 0.29872 0.00000 0.00000
0.00032 0.20174 0.00001 0.59680 0.00000 0.20113
0.10488 0.00000 0.00000 0.00000 0.50248 0.39264
0.00024 0.39723 0.00000 0.00000 0.30171 0.30082

observation: 6
0.99551 0.49735 0.29712 0.09764 0.00145 0.09863
0.00217 0.00114 0.40284 0.09943 0.10441 0.09686
0.00228 0.00359 0.20022 0.80293 0.09136 0.30984
0.00004 0.49791 0.09981 0.00000 0.00823 0.39563
0.00000 0.00000 0.00000 0.00000 0.00317 0.09903
0.00000 0.00000 0.00000 0.00000 0.79138 0.00000
