initial: 6
0.50781 0.49219 0.00000 0.00000 0.00000 0.00000

transition: 6
0.29158 0.50760 0.00711 0.19290 0.00000 0.00080
0.00132 0.50161 0.19873 0.00000 0.00000 0.29835
0.00205 0.00028 0.20343 0.78848 0.00001 0.00576
0.00013 0.00150 0.00449 0.27984 0.51385 0.20020
0.00000 0.00000 0.00000 0.00000 0.50080 0.49920
0.59917 0.00001 0.20659 0.19423 0.00000 0.00000

observation: 6
0.00009 0.29987 0.00193 0.10020 0.29867 0.09829
0.09988 0.39660 0.00000 0.10147 0.00000 0.10060
0.40450 0.19993 0.48966 0.29576 0.30234 0.00000
0.49554 0.10360 0.50628 0.40263 0.00000 0.00000
0.00000 0.00000 0.00213 0.09994 0.00000 0.80111
0.00000 0.00000 0.00000 0.00000 0.39899 0.00000
