initial: 6
0.71960 0.00051 0.09172 0.18817 0.00000 0.00000

transition: 6
0.30874 0.00140 0.49286 0.00032 0.00000 0.19668
0.00081 0.20102 0.79684 0.00133 0.00000 0.00000
0.00041 0.49970 0.20115 0.29873 0.00000 0.00000
0.00002 0.20164 0.00001 0.59767 0.00000 0.20066
0.10494 0.00000 0.00000 0.00000 0.49879 0.39628
0.00005 0.39501 0.00000 0.00000 0.30087 0.30407

observation: 6
0.99545 0.49843 0.29765 0.09824 0.00048 0.09893
0.00243 0.00017 0.40023 0.09970 0.10422 0.09740
0.00212 0.00219 0.20075 0.80206 0.09095 0.30906
0.00000 0.49918 0.10130 0.00000 0.00503 0.39571
0.00000 0.00002 0.00007 0.00000 0.00245 0.09890
0.00000 0.00000 0.00000 0.00000 0.79687 0.00000
