initial: 6
0.00000 0.10302 0.09690 0.21028 0.00000 0.58981

transition: 6
0.20265 0.20212 0.59499 0.00000 0.00024 0.00000
0.00863 0.28732 0.51481 0.00005 0.00003 0.18915
0.49575 0.00550 0.19729 0.30146 0.00000 0.00000
0.20058 0.00004 0.00101 0.59883 0.00000 0.19953
0.00000 0.10179 0.00000 0.00000 0.50234 0.39586
0.39803 0.00001 0.00000 0.00000 0.30271 0.29925

observation: 6
0.49542 0.70019 0.30243 0.10048 0.00000 0.09921
0.00166 0.00107 0.39903 0.09937 0.10316 0.09594
0.00000 0.29849 0.20029 0.19647 0.09835 0.30164
0.50292 0.00026 0.09815 0.00000 0.00295 0.40218
0.00000 0.00000 0.00010 0.60369 0.00203 0.10104
0.00000 0.00000 0.00000 0.00000 0.79351 0.00000
