initial: 6
0.72141 0.00285 0.08878 0.18697 0.00000 0.00000

transition: 6
0.29550 0.01540 0.50020 0.00158 0.00000 0.18730
0.20164 0.20418 0.59385 0.00031 0.00002 0.00001
0.00388 0.49866 0.19559 0.30169 0.00000 0.00018
0.00040 0.20219 0.00015 0.59725 0.00000 0.20000
0.10740 0.00000 0.00000 0.00000 0.50208 0.39052
0.00104 0.39443 0.00000 0.00000 0.30512 0.29941

observation: 6
0.69457 0.49645 0.30065 0.09991 0.00073 0.09768
0.00242 0.00227 0.40083 0.09894 0.10257 0.09697
0.30286 0.00049 0.20031 0.19591 0.09784 0.30228
0.00015 0.50079 0.09794 0.00000 0.00274 0.40388
0.00001 0.00000 0.00027 0.60524 0.00287 0.09919
0.00000 0.00000 0.00000 0.00000 0.79325 0.00000
