initial: 6
0.49545 0.50455 0.00000 0.00000 0.00000 0.00000

transition: 6
0.27913 0.43987 0.01010 0.26850 0.00014 0.00225
0.00582 0.50450 0.19952 0.00016 0.00003 0.28997
0.00582 0.00140 0.21542 0.77396 0.00034 0.00307
0.00038 0.00572 0.00711 0.25023 0.53037 0.20618
0.00000 0.00000 0.00000 0.00000 0.50089 0.49911
0.70936 0.00016 0.10495 0.18553 0.00000 0.00000

observation: 6
0.00011 0.29792 0.00828 0.10141 0.29821 0.09736
0.08676 0.39845 0.00012 0.09963 0.00000 0.09961
0.41443 0.19867 0.48054 0.29585 0.30259 0.00000
0.49869 0.10496 0.49228 0.40360 0.00000 0.00000
0.00000 0.00000 0.01878 0.09952 0.00000 0.80302
0.00000 0.00000 0.00000 0.00000 0.39920 0.00000
