initial: 6
0.48785 0.51215 0.00000 0.00000 0.00000 0.00000

transition: 6
0.25411 0.40183 0.02459 0.31456 0.00243 0.00248
0.01508 0.50030 0.20732 0.00165 0.00163 0.27401
0.02631 0.00794 0.19804 0.75953 0.00391 0.00426
0.00155 0.01537 0.01554 0.24131 0.52757 0.19864
0.00000 0.00001 0.00000 0.00000 0.50153 0.49847
0.80465 0.00044 0.01754 0.17731 0.00006 0.00000

observation: 6
0.00030 0.29774 0.01490 0.10020 0.29881 0.09596
0.07733 0.40277 0.00358 0.09775 0.00001 0.09806
0.42242 0.19655 0.45315 0.29556 0.30239 0.00000
0.49995 0.10293 0.46369 0.40610 0.00000 0.00000
0.00000 0.00000 0.06468 0.10040 0.00006 0.80599
0.00000 0.00000 0.00000 0.00000 0.39873 0.00000
