initial: 6
0.74889 0.00000 0.06871 0.18240 0.00000 0.00000

transition: 6
0.30013 0.07095 0.45600 0.00784 0.00000 0.16508
0.22013 0.25457 0.51681 0.00847 0.00000 0.00002
0.01039 0.54297 0.11767 0.32764 0.00004 0.00130
0.00392 0.20761 0.00054 0.59178 0.00002 0.19614
0.10779 0.00000 0.00000 0.00000 0.51107 0.38113
0.00888 0.39445 0.00000 0.00000 0.31404 0.28263

observation: 6
0.68103 0.47972 0.27947 0.09669 0.00491 0.09476
0.01363 0.02468 0.43061 0.09429 0.10431 0.08870
0.30082 0.00311 0.20656 0.19502 0.09707 0.30768
0.00440 0.49247 0.08101 0.00000 0.00882 0.40819
0.00012 0.00002 0.00235 0.61400 0.00301 0.10067
0.00000 0.00000 0.00000 0.00000 0.78188 0.00000
