initial: 6
0.72418 0.00000 0.08962 0.18619 0.00000 0.00000

transition: 6
0.30840 0.01710 0.47494 0.00293 0.00000 0.19663
0.00073 0.23465 0.75162 0.01300 0.00000 0.00000
0.00228 0.51919 0.17727 0.30126 0.00000 0.00000
0.00176 0.20311 0.00002 0.59370 0.00001 0.20141
0.10512 0.00000 0.00000 0.00000 0.51033 0.38454
0.00089 0.40206 0.00000 0.00000 0.30518 0.29186

observation: 6
0.99291 0.49428 0.29172 0.09469 0.00369 0.09734
0.00269 0.00519 0.41448 0.09878 0.10477 0.09506
0.00321 0.00720 0.20340 0.80652 0.09164 0.31219
0.00119 0.49333 0.09040 0.00002 0.01497 0.39606
0.00000 0.00000 0.00000 0.00000 0.00471 0.09934
0.00000 0.00000 0.00000 0.00000 0.78022 0.00000
