initial: 6
0.50781 0.49219 0.00000 0.00000 0.00000 0.00000

transition: 6
0.29078 0.50406 0.00749 0.19607 0.00000 0.00161
0.00248 0.50110 0.19865 0.00002 0.00000 0.29776
0.00237 0.00042 0.20671 0.78584 0.00005 0.00461
0.00015 0.00229 0.00488 0.27374 0.51752 0.20142
0.00000 0.00000 0.00000 0.00000 0.50086 0.49914
0.60403 0.00003 0.20366 0.19228 0.00000 0.00000

observation: 6
0.00005 0.29993 0.00298 0.10042 0.29849 0.09809
0.09945 0.39665 0.00001 0.10143 0.00000 0.10048
0.40485 0.19985 0.48815 0.29550 0.30247 0.00000
0.49565 0.10358 0.50519 0.40272 0.00000 0.00000
0.00000 0.00000 0.00367 0.09993 0.00000 0.80143
0.00000 0.00000 0.00000 0.00000 0.39904 0.00000
