initial: 6
0.71819 0.00254 0.09176 0.18752 0.00000 0.00000

transition: 6
0.29584 0.00835 0.50600 0.00042 0.00000 0.18940
0.19904 0.20141 0.59919 0.00001 0.00034 0.00001
0.00266 0.49644 0.20093 0.29994 0.00000 0.00002
0.00003 0.20203 0.00048 0.59752 0.00000 0.19994
0.10739 0.00000 0.00000 0.00000 0.50040 0.39222
0.00023 0.39458 0.00000 0.00000 0.30410 0.30110

observation: 6
0.69585 0.49811 0.30230 0.10015 0.00006 0.09745
0.00125 0.00066 0.39847 0.09932 0.10279 0.09741
0.30290 0.00017 0.20039 0.19620 0.09773 0.30224
0.00000 0.50106 0.09874 0.00000 0.00102 0.40379
0.00000 0.00000 0.00010 0.60432 0.00290 0.09910
0.00000 0.00000 0.00000 0.00000 0.79551 0.00000
