initial: 6
0.50774 0.49226 0.00000 0.00000 0.00000 0.00000

transition: 6
0.29169 0.50777 0.00696 0.19291 0.00000 0.00066
0.00113 0.50171 0.19876 0.00000 0.00000 0.29840
0.00206 0.00025 0.20310 0.78863 0.00000 0.00595
0.00013 0.00138 0.00446 0.28047 0.51346 0.20010
0.00000 0.00000 0.00000 0.00000 0.50079 0.49921
0.59895 0.00001 0.20659 0.19445 0.00000 0.00000

observation: 6
0.00011 0.29985 0.00179 0.10017 0.29869 0.09832
0.09988 0.39660 0.00000 0.10147 0.00000 0.10061
0.40448 0.19994 0.48986 0.29580 0.30233 0.00000
0.49553 0.10362 0.50640 0.40262 0.00000 0.00000
0.00000 0.00000 0.00196 0.09994 0.00000 0.80108
0.00000 0.00000 0.00000 0.00000 0.39898 0.00000
