initial: 6
0.50771 0.49229 0.00000 0.00000 0.00000 0.00000

transition: 6
0.29174 0.50783 0.00689 0.19293 0.00000 0.00060
0.00105 0.50176 0.19877 0.00000 0.00000 0.29842
0.00208 0.00024 0.20297 0.78867 0.00000 0.00603
0.00013 0.00133 0.00445 0.28071 0.51332 0.20006
0.00000 0.00000 0.00000 0.00000 0.50079 0.49921
0.59888 0.00001 0.20658 0.19454 0.00000 0.00000

observation: 6
0.00012 0.29984 0.00173 0.10016 0.29870 0.09833
0.09988 0.39660 0.00000 0.10146 0.00000 0.10061
0.40447 0.19994 0.48993 0.29581 0.30232 0.00000
0.49553 0.10363 0.50645 0.40262 0.00000 0.00000
0.00000 0.00000 0.00189 0.09994 0.00000 0.80106
0.00000 0.00000 0.00000 0.00000 0.39897 0.00000
