initial: 6
0.00000 0.12030 0.08368 0.20981 0.00000 0.58622

transition: 6
0.20086 0.25490 0.54422 0.00002 0.00000 0.00000
0.08333 0.30040 0.43519 0.02931 0.00000 0.15177
0.50235 0.01179 0.17281 0.31304 0.00000 0.00000
0.20063 0.00235 0.00168 0.59828 0.00000 0.19706
0.00000 0.10642 0.00000 0.00000 0.50775 0.38583
0.39966 0.00037 0.00000 0.00000 0.30901 0.29096

observation: 6
0.49021 0.67544 0.27846 0.10096 0.00336 0.09620
0.00405 0.01877 0.42619 0.09736 0.10078 0.09570
0.00002 0.28790 0.19366 0.19635 0.10166 0.30268
0.50572 0.01788 0.10106 0.00000 0.00641 0.40320
0.00000 0.00001 0.00064 0.60534 0.00199 0.10222
0.00000 0.00000 0.00000 0.00000 0.78580 0.00000
