initial: 6
0.73107 0.00031 0.08351 0.18511 0.00000 0.00000

transition: 6
0.29650 0.03304 0.48597 0.00436 0.00000 0.18013
0.20768 0.21553 0.57475 0.00203 0.00000 0.00001
0.00593 0.50816 0.17831 0.30715 0.00000 0.00044
0.00138 0.20371 0.00018 0.59582 0.00000 0.19891
0.10778 0.00000 0.00000 0.00000 0.50463 0.38759
0.00300 0.39459 0.00000 0.00000 0.30793 0.29448

observation: 6
0.69070 0.49229 0.29500 0.09902 0.00234 0.09626
0.00540 0.00730 0.40849 0.09749 0.10249 0.09540
0.30195 0.00126 0.20126 0.19550 0.09736 0.30410
0.00191 0.49914 0.09452 0.00000 0.00510 0.40444
0.00003 0.00000 0.00072 0.60799 0.00261 0.09979
0.00000 0.00000 0.00000 0.00000 0.79009 0.00000
