initial: 6
0.00000 0.10337 0.09651 0.21030 0.00000 0.58981

transition: 6
0.20264 0.20339 0.59389 0.00000 0.00007 0.00000
0.01146 0.28720 0.51248 0.00021 0.00001 0.18864
0.49570 0.00577 0.19655 0.30198 0.00000 0.00000
0.20043 0.00011 0.00104 0.59880 0.00000 0.19962
0.00000 0.10195 0.00000 0.00000 0.50259 0.39547
0.39786 0.00001 0.00000 0.00000 0.30291 0.29922

observation: 6
0.49525 0.69929 0.30200 0.10048 0.00001 0.09948
0.00176 0.00162 0.39966 0.09930 0.10307 0.09592
0.00000 0.29848 0.20010 0.19645 0.09845 0.30142
0.50299 0.00062 0.09810 0.00000 0.00325 0.40218
0.00000 0.00000 0.00013 0.60378 0.00205 0.10100
0.00000 0.00000 0.00000 0.00000 0.79317 0.00000
