initial: 6
0.00005 0.15605 0.05709 0.20871 0.00000 0.57810

transition: 6
0.16652 0.44693 0.38621 0.00012 0.00003 0.00019
0.14756 0.39708 0.27889 0.09183 0.00000 0.08464
0.53715 0.02326 0.09929 0.34024 0.00004 0.00003
0.19721 0.01121 0.00457 0.59454 0.00004 0.19242
0.00057 0.11090 0.00000 0.00000 0.52085 0.36768
0.40205 0.00391 0.00000 0.00000 0.32385 0.27019

observation: 6
0.47152 0.60917 0.18823 0.10075 0.01019 0.09528
0.00768 0.07134 0.52361 0.09414 0.09843 0.08985
0.00044 0.22833 0.18705 0.19443 0.10808 0.31234
0.52030 0.09111 0.09769 0.00000 0.01408 0.39846
0.00005 0.00005 0.00342 0.61069 0.00289 0.10408
0.00000 0.00000 0.00000 0.00000 0.76633 0.00000
