initial: 6
0.71769 0.00244 0.09236 0.18751 0.00000 0.00000

transition: 6
0.29598 0.00728 0.50689 0.00021 0.00000 0.18964
0.19873 0.20100 0.59990 0.00000 0.00036 0.00001
0.00244 0.49600 0.20200 0.29955 0.00000 0.00001
0.00001 0.20172 0.00141 0.59708 0.00000 0.19979
0.10739 0.00000 0.00000 0.00000 0.49995 0.39265
0.00008 0.39426 0.00000 0.00000 0.30414 0.30152

observation: 6
0.69603 0.49833 0.30254 0.10006 0.00001 0.09741
0.00108 0.00033 0.39821 0.09906 0.10300 0.09726
0.30290 0.00010 0.20041 0.19625 0.09760 0.30225
0.00000 0.50125 0.09878 0.00000 0.00051 0.40395
0.00000 0.00000 0.00005 0.60463 0.00279 0.09913
0.00000 0.00000 0.00000 0.00000 0.79609 0.00000
