initial: 6
0.72007 0.00003 0.09232 0.18758 0.00000 0.00000

transition: 6
0.30827 0.00492 0.48860 0.00129 0.00000 0.19692
0.00060 0.20720 0.78737 0.00483 0.00000 0.00000
0.00107 0.50418 0.19598 0.29876 0.00000 0.00000
0.00038 0.20180 0.00001 0.59666 0.00000 0.20115
0.10489 0.00000 0.00000 0.00000 0.50293 0.39218
0.00027 0.39752 0.00000 0.00000 0.30189 0.30033

observation: 6
0.99545 0.49720 0.29695 0.09750 0.00158 0.09857
0.00217 0.00131 0.40331 0.09940 0.10443 0.09678
0.00231 0.00379 0.20025 0.80309 0.09138 0.30996
0.00007 0.49770 0.09948 0.00000 0.00862 0.39565
0.00000 0.00000 0.00000 0.00000 0.00326 0.09904
0.00000 0.00000 0.00000 0.00000 0.79073 0.00000
