initial: 6
0.50765 0.49235 0.00000 0.00000 0.00000 0.00000

transition: 6
0.29185 0.50797 0.00670 0.19301 0.00000 0.00046
0.00086 0.50186 0.19882 0.00000 0.00000 0.29846
0.00215 0.00021 0.20269 0.78873 0.00000 0.00622
0.00014 0.00119 0.00444 0.28125 0.51301 0.19998
0.00000 0.00000 0.00000 0.00000 0.50079 0.49921
0.59872 0.00000 0.20654 0.19473 0.00000 0.00000

observation: 6
0.00016 0.29981 0.00157 0.10013 0.29873 0.09835
0.09987 0.39659 0.00000 0.10146 0.00000 0.10062
0.40445 0.19995 0.49012 0.29585 0.30231 0.00000
0.49551 0.10365 0.50657 0.40262 0.00000 0.00000
0.00000 0.00000 0.00174 0.09995 0.00000 0.80103
0.00000 0.00000 0.00000 0.00000 0.39896 0.00000
