initial: 6
0.71758 0.00241 0.09265 0.18737 0.00000 0.00000

transition: 6
0.29607 0.00705 0.50722 0.00012 0.00000 0.18954
0.19871 0.20082 0.60008 0.00000 0.00038 0.00001
0.00240 0.49562 0.20276 0.29921 0.00000 0.00001
0.00001 0.20129 0.00286 0.59631 0.00000 0.19954
0.10745 0.00000 0.00000 0.00000 0.49965 0.39290
0.00002 0.39384 0.00000 0.00000 0.30442 0.30172

observation: 6
0.69604 0.49833 0.30263 0.09987 0.00001 0.09733
0.00109 0.00009 0.39820 0.09854 0.10328 0.09695
0.30288 0.00004 0.20041 0.19624 0.09742 0.30236
0.00000 0.50154 0.09873 0.00000 0.00019 0.40412
0.00000 0.00000 0.00002 0.60535 0.00263 0.09924
0.00000 0.00000 0.00000 0.00000 0.79647 0.00000
