initial: 6
0.50756 0.49244 0.00000 0.00000 0.00000 0.00000

transition: 6
0.29198 0.50814 0.00644 0.19315 0.00000 0.00029
0.00061 0.50201 0.19888 0.00000 0.00000 0.29850
0.00236 0.00017 0.20232 0.78869 0.00000 0.00645
0.00015 0.00097 0.00444 0.28185 0.51268 0.19991
0.00000 0.00000 0.00000 0.00000 0.50079 0.49921
0.59857 0.00000 0.20648 0.19494 0.00000 0.00000

observation: 6
0.00022 0.29977 0.00137 0.10010 0.29875 0.09838
0.09987 0.39657 0.00000 0.10144 0.00000 0.10062
0.40443 0.19997 0.49034 0.29589 0.30230 0.00000
0.49549 0.10369 0.50672 0.40262 0.00000 0.00000
0.00000 0.00000 0.00157 0.09995 0.00000 0.80100
0.00000 0.00000 0.00000 0.00000 0.39895 0.00000
