initial: 6
0.73686 0.00000 0.08040 0.18274 0.00000 0.00000

transition: 6
0.30814 0.04796 0.44320 0.00660 0.00000 0.19410
0.00167 0.29852 0.67349 0.02632 0.00000 0.00000
0.00590 0.54888 0.13698 0.30822 0.00000 0.00002
0.00579 0.20387 0.00006 0.58721 0.00004 0.20303
0.10604 0.00000 0.00000 0.00000 0.52608 0.36788
0.00316 0.41101 0.00000 0.00000 0.31213 0.27370

observation: 6
0.98393 0.48660 0.27756 0.08810 0.00745 0.09514
0.00541 0.01482 0.44042 0.09709 0.10577 0.09111
0.00593 0.01382 0.21571 0.81473 0.09413 0.31585
0.00473 0.48476 0.06631 0.00008 0.02693 0.39815
0.00000 0.00000 0.00000 0.00000 0.00789 0.09976
0.00000 0.00000 0.00000 0.00000 0.75783 0.00000
