initial: 6
0.00000 0.12758 0.07778 0.20962 0.00000 0.58502

transition: 6
0.19802 0.28365 0.51831 0.00003 0.00000 0.00000
0.10593 0.31110 0.40074 0.04565 0.00000 0.13658
0.50698 0.01391 0.16216 0.31694 0.00000 0.00000
0.20059 0.00328 0.00189 0.59808 0.00000 0.19615
0.00001 0.10749 0.00000 0.00000 0.50961 0.38289
0.40026 0.00057 0.00000 0.00000 0.31120 0.28797

observation: 6
0.48818 0.66563 0.26412 0.10124 0.00474 0.09540
0.00463 0.02668 0.44143 0.09686 0.10009 0.09531
0.00004 0.28039 0.19049 0.19634 0.10287 0.30369
0.50714 0.02728 0.10311 0.00000 0.00731 0.40305
0.00000 0.00002 0.00084 0.60556 0.00199 0.10255
0.00000 0.00000 0.00000 0.00000 0.78301 0.00000
