initial: 6
0.00000 0.10274 0.09716 0.21029 0.00000 0.58982

transition: 6
0.20258 0.20134 0.59580 0.00000 0.00029 0.00000
0.00654 0.28744 0.51633 0.00001 0.00005 0.18962
0.49576 0.00533 0.19779 0.30111 0.00000 0.00000
0.20062 0.00001 0.00101 0.59883 0.00000 0.19953
0.00000 0.10165 0.00000 0.00000 0.50213 0.39621
0.39800 0.00001 0.00000 0.00000 0.30257 0.29942

observation: 6
0.49553 0.70081 0.30273 0.10048 0.00000 0.09914
0.00160 0.00064 0.39863 0.09943 0.10324 0.09593
0.00000 0.29847 0.20039 0.19648 0.09825 0.30170
0.50287 0.00008 0.09818 0.00000 0.00270 0.40221
0.00000 0.00000 0.00007 0.60362 0.00201 0.10103
0.00000 0.00000 0.00000 0.00000 0.79381 0.00000
