initial: 6
0.78742 0.00000 0.05126 0.16132 0.00000 0.00000

transition: 6
0.23806 0.22715 0.38686 0.05662 0.00037 0.09094
0.07056 0.39645 0.49912 0.03387 0.00000 0.00001
0.10115 0.55897 0.01112 0.32489 0.00001 0.00386
0.06247 0.11686 0.00326 0.56384 0.00326 0.25031
0.10640 0.00015 0.00000 0.00000 0.62822 0.26524
0.07549 0.44399 0.00623 0.00000 0.31820 0.15608

observation: 6
0.94294 0.37741 0.21676 0.06199 0.02654 0.08873
0.01664 0.06374 0.51002 0.08535 0.11263 0.06459
0.02725 0.05215 0.26129 0.84994 0.12290 0.32754
0.01317 0.50670 0.01193 0.00272 0.08163 0.42895
0.00000 0.00000 0.00000 0.00000 0.02859 0.09019
0.00000 0.00000 0.00000 0.00000 0.62772 0.00000
