initial: 6
0.86089 0.00000 0.00062 0.13849 0.00000 0.00000

transition: 6
0.27115 0.42378 0.18811 0.07584 0.00392 0.03720
0.12752 0.59846 0.24286 0.03027 0.00011 0.00078
0.17954 0.19244 0.13795 0.44982 0.00074 0.03952
0.08877 0.06046 0.03279 0.52931 0.03509 0.25359
0.11718 0.00488 0.00020 0.00057 0.69208 0.18509
0.22260 0.38372 0.01559 0.00018 0.25003 0.12788

observation: 6
0.83655 0.28924 0.21229 0.06440 0.03529 0.07486
0.05770 0.22939 0.36304 0.04332 0.12081 0.02195
0.07227 0.07930 0.34557 0.88348 0.16981 0.17069
0.03348 0.40207 0.07910 0.00876 0.07689 0.64307
0.00000 0.00000 0.00000 0.00003 0.03677 0.08815
0.00000 0.00000 0.00000 0.00000 0.56043 0.00127
