initial: 6
0.00000 0.10396 0.09607 0.21027 0.00000 0.58969

transition: 6
0.20274 0.20498 0.59227 0.00000 0.00001 0.00000
0.01527 0.28711 0.50956 0.00057 0.00000 0.18749
0.49571 0.00611 0.19561 0.30257 0.00000 0.00000
0.20037 0.00022 0.00109 0.59875 0.00000 0.19957
0.00000 0.10221 0.00000 0.00000 0.50289 0.39490
0.39789 0.00002 0.00000 0.00000 0.30321 0.29888

observation: 6
0.49500 0.69821 0.30137 0.10047 0.00004 0.09949
0.00190 0.00224 0.40049 0.09917 0.10295 0.09592
0.00000 0.29837 0.19990 0.19642 0.09861 0.30135
0.50309 0.00117 0.09807 0.00000 0.00359 0.40219
0.00000 0.00000 0.00017 0.60394 0.00207 0.10105
0.00000 0.00000 0.00000 0.00000 0.79274 0.00000
