initial: 6
0.71823 0.00254 0.09171 0.18751 0.00000 0.00000

transition: 6
0.29583 0.00845 0.50592 0.00043 0.00000 0.18937
0.19907 0.20144 0.59912 0.00001 0.00034 0.00001
0.00269 0.49647 0.20085 0.29997 0.00000 0.00003
0.00003 0.20204 0.00045 0.59753 0.00000 0.19994
0.10739 0.00000 0.00000 0.00000 0.50043 0.39218
0.00024 0.39459 0.00000 0.00000 0.30411 0.30106

observation: 6
0.69583 0.49809 0.30228 0.10015 0.00006 0.09746
0.00126 0.00069 0.39850 0.09933 0.10278 0.09741
0.30290 0.00017 0.20039 0.19620 0.09773 0.30225
0.00000 0.50105 0.09873 0.00000 0.00106 0.40379
0.00000 0.00000 0.00010 0.60433 0.00290 0.09910
0.00000 0.00000 0.00000 0.00000 0.79546 0.00000
