initial: 6
0.71965 0.00016 0.09230 0.18789 0.00000 0.00000

transition: 6
0.30846 0.00283 0.49099 0.00081 0.00000 0.19691
0.00069 0.20318 0.79317 0.00296 0.00000 0.00000
0.00077 0.50148 0.19908 0.29867 0.00000 0.00000
0.00015 0.20158 0.00001 0.59723 0.00000 0.20103
0.10489 0.00000 0.00000 0.00000 0.50094 0.39417
0.00015 0.39627 0.00000 0.00000 0.30113 0.30245

observation: 6
0.99560 0.49785 0.29750 0.09802 0.00103 0.09881
0.00221 0.00063 0.40151 0.09955 0.10435 0.09713
0.00219 0.00296 0.20028 0.80243 0.09126 0.30945
0.00001 0.49855 0.10071 0.00000 0.00690 0.39559
0.00000 0.00000 0.00000 0.00000 0.00286 0.09901
0.00000 0.00000 0.00000 0.00000 0.79361 0.00000
