initial: 6
0.50755 0.49245 0.00000 0.00000 0.00000 0.00000

transition: 6
0.29198 0.50816 0.00641 0.19317 0.00000 0.00027
0.00059 0.50203 0.19889 0.00000 0.00000 0.29850
0.00239 0.00017 0.20229 0.78868 0.00000 0.00647
0.00015 0.00095 0.00444 0.28190 0.51266 0.19990
0.00000 0.00000 0.00000 0.00000 0.50079 0.49921
0.59856 0.00000 0.20648 0.19496 0.00000 0.00000

observation: 6
0.00022 0.29977 0.00135 0.10010 0.29876 0.09838
0.09987 0.39657 0.00000 0.10144 0.00000 0.10062
0.40442 0.19997 0.49036 0.29589 0.30230 0.00000
0.49548 0.10369 0.50674 0.40262 0.00000 0.00000
0.00000 0.00000 0.00156 0.09995 0.00000 0.80100
0.00000 0.00000 0.00000 0.00000 0.39895 0.00000
