initial: 6
0.00000 0.10257 0.09730 0.21030 0.00000 0.58983

transition: 6
0.20250 0.20098 0.59623 0.00000 0.00029 0.00000
0.00539 0.28752 0.51714 0.00001 0.00005 0.18989
0.49575 0.00528 0.19803 0.30094 0.00000 0.00000
0.20062 0.00001 0.00101 0.59882 0.00000 0.19953
0.00000 0.10157 0.00000 0.00000 0.50201 0.39642
0.39795 0.00001 0.00000 0.00000 0.30249 0.29955

observation: 6
0.49557 0.70113 0.30289 0.10047 0.00000 0.09916
0.00157 0.00042 0.39842 0.09946 0.10328 0.09591
0.00000 0.29843 0.20043 0.19648 0.09820 0.30171
0.50286 0.00002 0.09821 0.00000 0.00255 0.40222
0.00000 0.00000 0.00005 0.60359 0.00199 0.10100
0.00000 0.00000 0.00000 0.00000 0.79398 0.00000
