initial: 6
0.71960 0.00026 0.09215 0.18799 0.00000 0.00000

transition: 6
0.30854 0.00232 0.49161 0.00066 0.00000 0.19687
0.00075 0.20232 0.79450 0.00244 0.00000 0.00000
0.00068 0.50084 0.19981 0.29867 0.00000 0.00000
0.00010 0.20156 0.00001 0.59738 0.00000 0.20096
0.10490 0.00000 0.00000 0.00000 0.50032 0.39479
0.00012 0.39590 0.00000 0.00000 0.30098 0.30300

observation: 6
0.99558 0.49803 0.29758 0.09812 0.00087 0.09886
0.00226 0.00047 0.40107 0.09960 0.10431 0.09723
0.00216 0.00272 0.20037 0.80228 0.09118 0.30932
0.00000 0.49878 0.10096 0.00000 0.00636 0.39559
0.00000 0.00000 0.00002 0.00000 0.00273 0.09899
0.00000 0.00000 0.00000 0.00000 0.79455 0.00000
