initial: 6
0.50793 0.49207 0.00000 0.00000 0.00000 0.00000

transition: 6
0.29107 0.50586 0.00744 0.19423 0.00000 0.00139
0.00213 0.50120 0.19866 0.00001 0.00000 0.29800
0.00222 0.00038 0.20557 0.78687 0.00003 0.00493
0.00014 0.00204 0.00473 0.27590 0.51623 0.20095
0.00000 0.00000 0.00000 0.00000 0.50084 0.49916
0.60156 0.00002 0.20548 0.19293 0.00000 0.00000

observation: 6
0.00005 0.29992 0.00263 0.10035 0.29855 0.09816
0.09971 0.39661 0.00000 0.10147 0.00000 0.10053
0.40466 0.19989 0.48862 0.29557 0.30243 0.00000
0.49558 0.10357 0.50561 0.40267 0.00000 0.00000
0.00000 0.00000 0.00313 0.09994 0.00000 0.80132
0.00000 0.00000 0.00000 0.00000 0.39903 0.00000
