initial: 6
0.00000 0.10759 0.09357 0.21010 0.00000 0.58874

transition: 6
0.20301 0.21437 0.58262 0.00000 0.00000 0.00000
0.03407 0.28814 0.49356 0.00455 0.00000 0.17968
0.49647 0.00772 0.19042 0.30538 0.00000 0.00000
0.20037 0.00082 0.00130 0.59855 0.00000 0.19896
0.00000 0.10356 0.00000 0.00000 0.50431 0.39213
0.39846 0.00011 0.00000 0.00000 0.30479 0.29665

observation: 6
0.49373 0.69254 0.29738 0.10049 0.00071 0.09860
0.00262 0.00581 0.40533 0.09856 0.10235 0.09596
0.00001 0.29698 0.19872 0.19633 0.09943 0.30152
0.50364 0.00466 0.09825 0.00000 0.00468 0.40250
0.00000 0.00000 0.00032 0.60462 0.00207 0.10143
0.00000 0.00000 0.00000 0.00000 0.79077 0.00000
