initial: 6
0.00000 0.12446 0.08030 0.20970 0.00000 0.58554

transition: 6
0.19939 0.27082 0.52976 0.00002 0.00000 0.00000
0.09670 0.30619 0.41548 0.03865 0.00000 0.14298
0.50490 0.01301 0.16681 0.31528 0.00000 0.00000
0.20063 0.00287 0.00180 0.59818 0.00000 0.19653
0.00000 0.10706 0.00000 0.00000 0.50880 0.38414
0.40000 0.00048 0.00000 0.00000 0.31026 0.28926

observation: 6
0.48907 0.66991 0.27057 0.10112 0.00416 0.09570
0.00439 0.02323 0.43459 0.09707 0.10037 0.09550
0.00003 0.28382 0.19184 0.19635 0.10235 0.30322
0.50650 0.02303 0.10224 0.00000 0.00691 0.40316
0.00000 0.00001 0.00075 0.60546 0.00198 0.10241
0.00000 0.00000 0.00000 0.00000 0.78423 0.00000
