initial: 6
0.00000 0.14536 0.06407 0.20924 0.00000 0.58133

transition: 6
0.18314 0.37467 0.44210 0.00006 0.00000 0.00002
0.14310 0.35362 0.31987 0.08057 0.00000 0.10284
0.52267 0.01891 0.13043 0.32798 0.00000 0.00000
0.19937 0.00691 0.00283 0.59680 0.00000 0.19409
0.00010 0.10971 0.00000 0.00000 0.51536 0.37483
0.40178 0.00171 0.00000 0.00000 0.31766 0.27885

observation: 6
0.48085 0.63572 0.21862 0.10155 0.00803 0.09470
0.00618 0.05007 0.49003 0.09554 0.09887 0.09307
0.00013 0.25288 0.18461 0.19581 0.10603 0.30776
0.51282 0.06130 0.10499 0.00000 0.01048 0.40105
0.00002 0.00003 0.00174 0.60710 0.00228 0.10342
0.00000 0.00000 0.00000 0.00000 0.77431 0.00000
