initial: 6
0.50794 0.49206 0.00000 0.00000 0.00000 0.00000

transition: 6
0.29122 0.50656 0.00740 0.19357 0.00000 0.00125
0.00192 0.50129 0.19867 0.00001 0.00000 0.29811
0.00215 0.00035 0.20493 0.78741 0.00003 0.00514
0.00014 0.00190 0.00465 0.27708 0.51552 0.20071
0.00000 0.00000 0.00000 0.00000 0.50083 0.49917
0.60061 0.00002 0.20607 0.19330 0.00000 0.00000

observation: 6
0.00005 0.29992 0.00243 0.10031 0.29858 0.09819
0.09980 0.39660 0.00000 0.10148 0.00000 0.10055
0.40459 0.19991 0.48890 0.29562 0.30240 0.00000
0.49556 0.10358 0.50582 0.40265 0.00000 0.00000
0.00000 0.00000 0.00284 0.09994 0.00000 0.80126
0.00000 0.00000 0.00000 0.00000 0.39902 0.00000
