initial: 6
0.50777 0.49223 0.00000 0.00000 0.00000 0.00000

transition: 6
0.29164 0.50770 0.00704 0.19290 0.00000 0.00073
0.00122 0.50166 0.19874 0.00000 0.00000 0.29837
0.00205 0.00026 0.20325 0.78857 0.00001 0.00586
0.00013 0.00144 0.00447 0.28018 0.51364 0.20014
0.00000 0.00000 0.00000 0.00000 0.50079 0.49921
0.59905 0.00001 0.20659 0.19435 0.00000 0.00000

observation: 6
0.00010 0.29986 0.00185 0.10019 0.29868 0.09831
0.09988 0.39660 0.00000 0.10147 0.00000 0.10060
0.40449 0.19994 0.48976 0.29578 0.30234 0.00000
0.49554 0.10361 0.50634 0.40262 0.00000 0.00000
0.00000 0.00000 0.00204 0.09994 0.00000 0.80109
0.00000 0.00000 0.00000 0.00000 0.39898 0.00000
