initial: 6
0.50232 0.49768 0.00000 0.00000 0.00000 0.00000

transition: 6
0.28569 0.47023 0.00835 0.23342 0.00004 0.00225
0.00448 0.50258 0.19866 0.00008 0.00001 0.29420
0.00396 0.00082 0.21249 0.77925 0.00017 0.00332
0.00027 0.00412 0.00601 0.25824 0.52643 0.20492
0.00000 0.00000 0.00000 0.00000 0.50093 0.49907
0.65474 0.00010 0.15721 0.18796 0.00000 0.00000

observation: 6
0.00008 0.29909 0.00593 0.10089 0.29826 0.09764
0.09316 0.39757 0.00003 0.10039 0.00000 0.09998
0.40936 0.19918 0.48524 0.29554 0.30264 0.00000
0.49740 0.10416 0.49901 0.40341 0.00000 0.00000
0.00000 0.00000 0.00978 0.09976 0.00000 0.80238
0.00000 0.00000 0.00000 0.00000 0.39910 0.00000
