initial: 6
0.75657 0.00000 0.06257 0.18087 0.00000 0.00000

transition: 6
0.30089 0.09232 0.44010 0.00835 0.00000 0.15834
0.22394 0.28184 0.48082 0.01337 0.00000 0.00003
0.01377 0.56629 0.07561 0.34201 0.00010 0.00222
0.00624 0.20822 0.00116 0.58884 0.00005 0.19549
0.10739 0.00002 0.00000 0.00000 0.51621 0.37638
0.01422 0.39398 0.00000 0.00000 0.31710 0.27470

observation: 6
0.67608 0.47163 0.27056 0.09475 0.00620 0.09458
0.01744 0.03694 0.44360 0.09292 0.10592 0.08406
0.30059 0.00434 0.21166 0.19459 0.09856 0.30823
0.00567 0.48703 0.07021 0.00000 0.01076 0.41204
0.00022 0.00006 0.00396 0.61775 0.00361 0.10108
0.00000 0.00000 0.00000 0.00000 0.77496 0.00000
