initial: 6
0.50430 0.49570 0.00000 0.00000 0.00000 0.00000

transition: 6
0.28741 0.48039 0.00800 0.22197 0.00003 0.00220
0.00405 0.50195 0.19862 0.00006 0.00000 0.29532
0.00351 0.00070 0.21149 0.78068 0.00013 0.00350
0.00024 0.00366 0.00573 0.26157 0.52458 0.20422
0.00000 0.00000 0.00000 0.00000 0.50093 0.49907
0.63847 0.00008 0.17257 0.18888 0.00000 0.00000

observation: 6
0.00007 0.29943 0.00518 0.10077 0.29829 0.09775
0.09519 0.39731 0.00002 0.10069 0.00000 0.10011
0.40787 0.19935 0.48606 0.29545 0.30263 0.00000
0.49687 0.10391 0.50090 0.40325 0.00000 0.00000
0.00000 0.00000 0.00784 0.09983 0.00000 0.80214
0.00000 0.00000 0.00000 0.00000 0.39908 0.00000
