initial: 6
0.77266 0.00000 0.05278 0.17455 0.00000 0.00000

transition: 6
0.26851 0.14825 0.41350 0.02939 0.00001 0.14035
0.01953 0.38194 0.56132 0.03721 0.00000 0.00000
0.04473 0.58151 0.04488 0.32847 0.00000 0.00042
0.03150 0.17814 0.00053 0.57365 0.00044 0.21575
0.10777 0.00001 0.00000 0.00000 0.57929 0.31293
0.02801 0.43113 0.00045 0.00000 0.32468 0.21573

observation: 6
0.95516 0.43747 0.25544 0.07343 0.01772 0.09089
0.01621 0.04539 0.47826 0.09336 0.10962 0.07697
0.01726 0.03108 0.24181 0.83242 0.10859 0.32444
0.01137 0.48606 0.02449 0.00078 0.05839 0.41068
0.00000 0.00000 0.00000 0.00000 0.01882 0.09703
0.00000 0.00000 0.00000 0.00000 0.68687 0.00000
