initial: 6
0.73049 0.00000 0.08513 0.18438 0.00000 0.00000

transition: 6
0.30864 0.03312 0.45776 0.00470 0.00000 0.19578
0.00112 0.26988 0.70813 0.02087 0.00000 0.00000
0.00391 0.53591 0.15519 0.30498 0.00000 0.00001
0.00368 0.20400 0.00004 0.59021 0.00002 0.20206
0.10557 0.00000 0.00000 0.00000 0.51841 0.37602
0.00188 0.40675 0.00000 0.00000 0.30888 0.28248

observation: 6
0.98858 0.49061 0.28412 0.09122 0.00573 0.09612
0.00388 0.01014 0.42865 0.09795 0.10524 0.09306
0.00451 0.01077 0.20960 0.81078 0.09259 0.31428
0.00302 0.48849 0.07763 0.00004 0.02139 0.39691
0.00000 0.00000 0.00000 0.00000 0.00633 0.09962
0.00000 0.00000 0.00000 0.00000 0.76872 0.00000
