initial: 6
0.50744 0.49256 0.00000 0.00000 0.00000 0.00000

transition: 6
0.29189 0.50861 0.00611 0.19335 0.00000 0.00003
0.00010 0.50232 0.19905 0.00000 0.00000 0.29853
0.00369 0.00006 0.20123 0.78829 0.00000 0.00673
0.00020 0.00035 0.00445 0.28284 0.51229 0.19987
0.00000 0.00000 0.00000 0.00000 0.50078 0.49922
0.59832 0.00000 0.20646 0.19522 0.00000 0.00000

observation: 6
0.00031 0.29971 0.00101 0.10009 0.29879 0.09843
0.09990 0.39652 0.00000 0.10141 0.00000 0.10061
0.40436 0.20000 0.49070 0.29595 0.30228 0.00000
0.49543 0.10377 0.50695 0.40260 0.00000 0.00000
0.00000 0.00000 0.00134 0.09995 0.00000 0.80097
0.00000 0.00000 0.00000 0.00000 0.39893 0.00000
