initial: 6
0.00000 0.11789 0.08562 0.20986 0.00000 0.58663

transition: 6
0.20154 0.24631 0.55213 0.00002 0.00000 0.00000
0.07508 0.29743 0.44651 0.02402 0.00000 0.15696
0.50101 0.01107 0.17620 0.31172 0.00000 0.00000
0.20060 0.00207 0.00161 0.59833 0.00000 0.19738
0.00000 0.10600 0.00000 0.00000 0.50715 0.38685
0.39946 0.00032 0.00000 0.00000 0.30828 0.29194

observation: 6
0.49085 0.67858 0.28263 0.10086 0.00289 0.09654
0.00384 0.01625 0.42171 0.09754 0.10103 0.09579
0.00002 0.29001 0.19469 0.19634 0.10126 0.30240
0.50529 0.01514 0.10040 0.00000 0.00613 0.40316
0.00000 0.00001 0.00058 0.60526 0.00200 0.10210
0.00000 0.00000 0.00000 0.00000 0.78669 0.00000
