initial: 6
0.72375 0.00249 0.08721 0.18654 0.00000 0.00000

transition: 6
0.29559 0.01999 0.49658 0.00234 0.00000 0.18550
0.20319 0.20658 0.58957 0.00065 0.00001 0.00001
0.00448 0.50063 0.19177 0.30287 0.00000 0.00025
0.00066 0.20250 0.00015 0.59692 0.00000 0.19977
0.10751 0.00000 0.00000 0.00000 0.50284 0.38966
0.00154 0.39451 0.00000 0.00000 0.30585 0.29810

observation: 6
0.69367 0.49540 0.29937 0.09970 0.00120 0.09729
0.00311 0.00341 0.40258 0.09858 0.10250 0.09664
0.30268 0.00069 0.20044 0.19577 0.09777 0.30269
0.00053 0.50049 0.09724 0.00000 0.00348 0.40399
0.00001 0.00000 0.00037 0.60595 0.00277 0.09938
0.00000 0.00000 0.00000 0.00000 0.79229 0.00000
