initial: 6
0.49050 0.50950 0.00000 0.00000 0.00000 0.00000

transition: 6
0.27260 0.41945 0.01278 0.29262 0.00037 0.00218
0.00742 0.50524 0.20138 0.00031 0.00011 0.28553
0.00852 0.00235 0.21733 0.76794 0.00071 0.00315
0.00054 0.00755 0.00866 0.24552 0.53170 0.20602
0.00000 0.00000 0.00000 0.00000 0.50089 0.49911
0.75245 0.00022 0.06362 0.18372 0.00000 0.00000

observation: 6
0.00015 0.29722 0.01004 0.10186 0.29821 0.09716
0.08219 0.39946 0.00042 0.09923 0.00000 0.09936
0.41832 0.19818 0.47340 0.29587 0.30255 0.00000
0.49933 0.10515 0.48536 0.40355 0.00000 0.00000
0.00000 0.00000 0.03078 0.09948 0.00000 0.80348
0.00000 0.00000 0.00000 0.00000 0.39924 0.00000
