initial: 6
0.00078 0.16316 0.05546 0.20629 0.00000 0.57431

transition: 6
0.15673 0.50772 0.33358 0.00027 0.00036 0.00134
0.14205 0.43642 0.25880 0.09200 0.00000 0.07074
0.55307 0.03149 0.05643 0.35806 0.00045 0.00050
0.19391 0.01693 0.00964 0.58902 0.00030 0.19020
0.00285 0.11018 0.00000 0.00000 0.52814 0.35883
0.40082 0.00872 0.00000 0.00000 0.33265 0.25781

observation: 6
0.46030 0.58172 0.17020 0.09792 0.01266 0.09561
0.00868 0.09495 0.54353 0.09132 0.09874 0.08490
0.00198 0.20502 0.20059 0.19172 0.10970 0.31926
0.52888 0.11823 0.07734 0.00000 0.01916 0.39563
0.00016 0.00010 0.00834 0.61904 0.00406 0.10461
0.00000 0.00000 0.00000 0.00000 0.75568 0.00000
