initial: 6
0.00000 0.11317 0.08937 0.20996 0.00000 0.58749

transition: 6
0.20252 0.23069 0.56678 0.00001 0.00000 0.00000
0.05762 0.29239 0.46845 0.01420 0.00000 0.16734
0.49864 0.00963 0.18274 0.30899 0.00000 0.00000
0.20051 0.00153 0.00148 0.59841 0.00000 0.19807
0.00000 0.10505 0.00000 0.00000 0.50594 0.38901
0.39905 0.00022 0.00000 0.00000 0.30678 0.29394

observation: 6
0.49212 0.68479 0.29002 0.10067 0.00193 0.09735
0.00337 0.01141 0.41365 0.09794 0.10158 0.09591
0.00001 0.29365 0.19663 0.19632 0.10046 0.30194
0.50450 0.01015 0.09923 0.00000 0.00555 0.40296
0.00000 0.00001 0.00046 0.60507 0.00203 0.10184
0.00000 0.00000 0.00000 0.00000 0.78845 0.00000
