initial: 6
0.00000 0.12300 0.08148 0.20974 0.00000 0.58578

transition: 6
0.19996 0.26509 0.53493 0.00002 0.00000 0.00000
0.09214 0.30406 0.42240 0.03536 0.00000 0.14603
0.50397 0.01258 0.16894 0.31450 0.00000 0.00000
0.20064 0.00268 0.00175 0.59821 0.00000 0.19671
0.00000 0.10685 0.00000 0.00000 0.50843 0.38472
0.39988 0.00044 0.00000 0.00000 0.30982 0.28986

observation: 6
0.48947 0.67187 0.27343 0.10107 0.00388 0.09587
0.00428 0.02165 0.43155 0.09717 0.10051 0.09558
0.00003 0.28532 0.19248 0.19635 0.10211 0.30302
0.50622 0.02116 0.10182 0.00000 0.00674 0.40319
0.00000 0.00001 0.00071 0.60542 0.00198 0.10234
0.00000 0.00000 0.00000 0.00000 0.78479 0.00000
