initial: 6
0.50792 0.49208 0.00000 0.00000 0.00000 0.00000

transition: 6
0.29133 0.50698 0.00734 0.19322 0.00000 0.00112
0.00175 0.50138 0.19868 0.00001 0.00000 0.29819
0.00210 0.00033 0.20443 0.78780 0.00002 0.00532
0.00013 0.00178 0.00459 0.27798 0.51498 0.20053
0.00000 0.00000 0.00000 0.00000 0.50082 0.49918
0.60003 0.00002 0.20636 0.19359 0.00000 0.00000

observation: 6
0.00006 0.29991 0.00228 0.10028 0.29861 0.09822
0.09984 0.39660 0.00000 0.10148 0.00000 0.10057
0.40455 0.19992 0.48913 0.29566 0.30238 0.00000
0.49555 0.10358 0.50597 0.40264 0.00000 0.00000
0.00000 0.00000 0.00261 0.09994 0.00000 0.80121
0.00000 0.00000 0.00000 0.00000 0.39901 0.00000
