initial: 6
0.71855 0.00260 0.09138 0.18747 0.00000 0.00000

transition: 6
0.29578 0.00912 0.50538 0.00055 0.00000 0.18918
0.19932 0.20167 0.59867 0.00002 0.00031 0.00001
0.00283 0.49666 0.20032 0.30014 0.00000 0.00005
0.00006 0.20208 0.00033 0.59756 0.00000 0.19997
0.10739 0.00000 0.00000 0.00000 0.50065 0.39196
0.00032 0.39463 0.00000 0.00000 0.30419 0.30086

observation: 6
0.69570 0.49792 0.30214 0.10014 0.00011 0.09750
0.00140 0.00085 0.39869 0.09932 0.10274 0.09739
0.30290 0.00021 0.20037 0.19616 0.09777 0.30224
0.00000 0.50102 0.09868 0.00000 0.00129 0.40377
0.00000 0.00000 0.00012 0.60438 0.00292 0.09910
0.00000 0.00000 0.00000 0.00000 0.79517 0.00000
