initial: 6
0.15763 0.04813 0.12603 0.17155 0.00000 0.49666

transition: 6
0.29375 0.52628 0.14445 0.00156 0.01676 0.01720
0.16095 0.51239 0.28369 0.03165 0.00025 0.01107
0.42711 0.06932 0.02886 0.43661 0.00671 0.03139
0.21542 0.05351 0.07729 0.49035 0.00630 0.15714
0.08621 0.06277 0.00039 0.00093 0.56435 0.28536
0.32738 0.05701 0.00063 0.00002 0.39907 0.21588

observation: 6
0.34935 0.55693 0.16529 0.07767 0.01537 0.09455
0.05461 0.14684 0.45734 0.02117 0.09422 0.07949
0.10077 0.12015 0.27954 0.14510 0.11208 0.36770
0.49376 0.17542 0.00924 0.00276 0.05011 0.36124
0.00151 0.00066 0.08858 0.75330 0.02072 0.09245
0.00000 0.00000 0.00000 0.00000 0.70750 0.00456
