initial: 6
0.50773 0.49227 0.00000 0.00000 0.00000 0.00000

transition: 6
0.29171 0.50779 0.00694 0.19292 0.00000 0.00064
0.00111 0.50173 0.19876 0.00000 0.00000 0.29840
0.00207 0.00025 0.20305 0.78865 0.00000 0.00598
0.00013 0.00136 0.00446 0.28056 0.51341 0.20008
0.00000 0.00000 0.00000 0.00000 0.50079 0.49921
0.59893 0.00001 0.20658 0.19448 0.00000 0.00000

observation: 6
0.00011 0.29984 0.00176 0.10017 0.29870 0.09832
0.09988 0.39660 0.00000 0.10146 0.00000 0.10061
0.40448 0.19994 0.48988 0.29580 0.30233 0.00000
0.49553 0.10362 0.50642 0.40262 0.00000 0.00000
0.00000 0.00000 0.00193 0.09994 0.00000 0.80107
0.00000 0.00000 0.00000 0.00000 0.39897 0.00000
