initial: 6
0.76424 0.00000 0.05772 0.17804 0.00000 0.00000

transition: 6
0.29953 0.12222 0.41750 0.00835 0.00001 0.15239
0.22288 0.32016 0.43552 0.02140 0.00000 0.00004
0.01947 0.58793 0.03341 0.35462 0.00027 0.00431
0.01113 0.20491 0.00354 0.58347 0.00014 0.19681
0.10673 0.00007 0.00000 0.00000 0.52426 0.36894
0.02480 0.39141 0.00000 0.00000 0.32028 0.26351

observation: 6
0.67312 0.46219 0.25935 0.09022 0.00802 0.09433
0.01945 0.05010 0.46136 0.09102 0.10769 0.07917
0.29923 0.00620 0.22146 0.19320 0.10270 0.30647
0.00773 0.48135 0.05012 0.00000 0.01307 0.41870
0.00046 0.00017 0.00771 0.62556 0.00476 0.10132
0.00000 0.00000 0.00000 0.00000 0.76374 0.00001
