initial: 6
0.72299 0.00266 0.08767 0.18668 0.00000 0.00000

transition: 6
0.29554 0.01856 0.49772 0.00211 0.00000 0.18608
0.20269 0.20580 0.59096 0.00053 0.00001 0.00001
0.00430 0.49998 0.19301 0.30249 0.00000 0.00023
0.00058 0.20240 0.00015 0.59703 0.00000 0.19985
0.10747 0.00000 0.00000 0.00000 0.50261 0.38992
0.00139 0.39449 0.00000 0.00000 0.30562 0.29851

observation: 6
0.69396 0.49573 0.29978 0.09977 0.00106 0.09741
0.00289 0.00305 0.40202 0.09869 0.10251 0.09675
0.30275 0.00063 0.20039 0.19581 0.09780 0.30256
0.00039 0.50059 0.09747 0.00000 0.00326 0.40395
0.00001 0.00000 0.00034 0.60573 0.00280 0.09933
0.00000 0.00000 0.00000 0.00000 0.79257 0.00000
