initial: 6
0.78361 0.00000 0.05045 0.16594 0.00000 0.00000

transition: 6
0.23931 0.20864 0.40027 0.05023 0.00016 0.10139
0.05457 0.39111 0.51894 0.03537 0.00000 0.00000
0.08655 0.56663 0.01589 0.32876 0.00000 0.00217
0.05486 0.13656 0.00199 0.56640 0.00183 0.23836
0.10680 0.00008 0.00000 0.00000 0.61517 0.27795
0.06047 0.44042 0.00341 0.00000 0.32207 0.17364

observation: 6
0.94603 0.39235 0.23354 0.06537 0.02425 0.08980
0.01685 0.05933 0.49808 0.08892 0.11146 0.06876
0.02434 0.04487 0.25460 0.84372 0.11874 0.32826
0.01278 0.50345 0.01378 0.00200 0.07656 0.42102
0.00000 0.00000 0.00000 0.00000 0.02608 0.09216
0.00000 0.00000 0.00000 0.00000 0.64291 0.00000
