initial: 6
0.71977 0.00008 0.09238 0.18777 0.00000 0.00000

transition: 6
0.30837 0.00356 0.49015 0.00100 0.00000 0.19692
0.00064 0.20452 0.79119 0.00364 0.00000 0.00000
0.00089 0.50242 0.19802 0.29867 0.00000 0.00000
0.00022 0.20165 0.00001 0.59703 0.00000 0.20109
0.10488 0.00000 0.00000 0.00000 0.50171 0.39341
0.00019 0.39675 0.00000 0.00000 0.30141 0.30165

observation: 6
0.99557 0.49761 0.29735 0.09784 0.00124 0.09873
0.00218 0.00087 0.40212 0.09949 0.10438 0.09700
0.00223 0.00327 0.20022 0.80266 0.09131 0.30964
0.00002 0.49825 0.10031 0.00000 0.00756 0.39561
0.00000 0.00000 0.00000 0.00000 0.00302 0.09902
0.00000 0.00000 0.00000 0.00000 0.79249 0.00000
