initial: 6
0.72184 0.00282 0.08845 0.18689 0.00000 0.00000

transition: 6
0.29550 0.01631 0.49950 0.00173 0.00000 0.18696
0.20194 0.20462 0.59305 0.00037 0.00001 0.00001
0.00400 0.49902 0.19487 0.30191 0.00000 0.00020
0.00045 0.20225 0.00015 0.59719 0.00000 0.19996
0.10742 0.00000 0.00000 0.00000 0.50224 0.39035
0.00114 0.39445 0.00000 0.00000 0.30526 0.29915

observation: 6
0.69440 0.49625 0.30041 0.09987 0.00083 0.09760
0.00255 0.00249 0.40116 0.09887 0.10255 0.09691
0.30284 0.00053 0.20033 0.19588 0.09783 0.30235
0.00020 0.50074 0.09781 0.00000 0.00289 0.40390
0.00001 0.00000 0.00029 0.60538 0.00285 0.09923
0.00000 0.00000 0.00000 0.00000 0.79305 0.00000
