initial: 6
0.50793 0.49207 0.00000 0.00000 0.00000 0.00000

transition: 6
0.29126 0.50673 0.00738 0.19343 0.00000 0.00121
0.00186 0.50132 0.19867 0.00001 0.00000 0.29814
0.00213 0.00035 0.20475 0.78756 0.00002 0.00520
0.00014 0.00186 0.00463 0.27740 0.51532 0.20065
0.00000 0.00000 0.00000 0.00000 0.50082 0.49918
0.60038 0.00002 0.20619 0.19341 0.00000 0.00000

observation: 6
0.00006 0.29991 0.00238 0.10030 0.29859 0.09820
0.09981 0.39660 0.00000 0.10148 0.00000 0.10055
0.40457 0.19991 0.48898 0.29564 0.30240 0.00000
0.49556 0.10358 0.50587 0.40265 0.00000 0.00000
0.00000 0.00000 0.00276 0.09994 0.00000 0.80124
0.00000 0.00000 0.00000 0.00000 0.39901 0.00000
