initial: 6
0.50791 0.49209 0.00000 0.00000 0.00000 0.00000

transition: 6
0.29136 0.50709 0.00732 0.19315 0.00000 0.00108
0.00169 0.50141 0.19868 0.00001 0.00000 0.29821
0.00209 0.00032 0.20429 0.78791 0.00002 0.00537
0.00013 0.00175 0.00458 0.27823 0.51482 0.20049
0.00000 0.00000 0.00000 0.00000 0.50081 0.49919
0.59989 0.00001 0.20642 0.19368 0.00000 0.00000

observation: 6
0.00006 0.29990 0.00223 0.10027 0.29861 0.09823
0.09985 0.39660 0.00000 0.10148 0.00000 0.10057
0.40454 0.19992 0.48920 0.29568 0.30238 0.00000
0.49555 0.10358 0.50601 0.40264 0.00000 0.00000
0.00000 0.00000 0.00255 0.09994 0.00000 0.80120
0.00000 0.00000 0.00000 0.00000 0.39901 0.00000
