initial: 6
0.48838 0.51162 0.00000 0.00000 0.00000 0.00000

transition: 6
0.25014 0.40174 0.02704 0.31532 0.00312 0.00264
0.01714 0.49822 0.20871 0.00216 0.00242 0.27134
0.03206 0.00969 0.18889 0.75970 0.00511 0.00454
0.00188 0.01752 0.01700 0.24259 0.52532 0.19568
0.00000 0.00002 0.00000 0.00000 0.50179 0.49819
0.80935 0.00050 0.01483 0.17519 0.00012 0.00000

observation: 6
0.00037 0.29803 0.01664 0.09892 0.29915 0.09552
0.07698 0.40343 0.00484 0.09702 0.00002 0.09764
0.42270 0.19624 0.44844 0.29585 0.30228 0.00000
0.49995 0.10228 0.45759 0.40763 0.00000 0.00000
0.00000 0.00001 0.07248 0.10057 0.00011 0.80684
0.00000 0.00000 0.00000 0.00000 0.39844 0.00000
