initial: 6
0.55292 0.44694 0.00000 0.00013 0.00000 0.00000

transition: 6
0.23117 0.46218 0.06159 0.20559 0.02316 0.01631
0.04021 0.42083 0.27367 0.02669 0.05008 0.18853
0.12958 0.03421 0.15045 0.62197 0.05541 0.00837
0.01884 0.06580 0.04857 0.31767 0.45168 0.09744
0.00001 0.00372 0.00214 0.00001 0.50918 0.48494
0.76949 0.00163 0.01341 0.20777 0.00767 0.00003

observation: 6
0.00386 0.31990 0.05448 0.02985 0.31120 0.09286
0.08493 0.42026 0.08832 0.05302 0.00129 0.08790
0.43077 0.16423 0.29633 0.33412 0.30817 0.00058
0.48041 0.09214 0.25964 0.50595 0.00179 0.00002
0.00003 0.00347 0.30123 0.07706 0.00475 0.81864
0.00000 0.00000 0.00000 0.00000 0.37279 0.00000
