initial: 6
0.00000 0.10253 0.09733 0.21030 0.00000 0.58984

transition: 6
0.20247 0.20090 0.59634 0.00000 0.00029 0.00000
0.00511 0.28754 0.51734 0.00001 0.00005 0.18995
0.49574 0.00527 0.19808 0.30090 0.00000 0.00000
0.20062 0.00001 0.00101 0.59882 0.00000 0.19953
0.00000 0.10155 0.00000 0.00000 0.50198 0.39647
0.39794 0.00001 0.00000 0.00000 0.30247 0.29958

observation: 6
0.49557 0.70120 0.30293 0.10047 0.00000 0.09916
0.00156 0.00037 0.39837 0.09946 0.10329 0.09591
0.00000 0.29841 0.20044 0.19648 0.09818 0.30171
0.50286 0.00001 0.09822 0.00000 0.00251 0.40222
0.00000 0.00000 0.00005 0.60358 0.00199 0.10100
0.00000 0.00000 0.00000 0.00000 0.79402 0.00000
