initial: 6
0.72236 0.00276 0.08808 0.18680 0.00000 0.00000

transition: 6
0.29551 0.01735 0.49868 0.00190 0.00000 0.18656
0.20228 0.20516 0.59210 0.00044 0.00001 0.00001
0.00414 0.49945 0.19402 0.30217 0.00000 0.00022
0.00051 0.20231 0.00015 0.59712 0.00000 0.19991
0.10744 0.00000 0.00000 0.00000 0.50241 0.39014
0.00126 0.39446 0.00000 0.00000 0.30542 0.29886

observation: 6
0.69420 0.49601 0.30012 0.09982 0.00093 0.09752
0.00271 0.00274 0.40155 0.09879 0.10253 0.09684
0.30280 0.00057 0.20036 0.19585 0.09782 0.30244
0.00028 0.50067 0.09766 0.00000 0.00307 0.40392
0.00001 0.00000 0.00031 0.60554 0.00283 0.09927
0.00000 0.00000 0.00000 0.00000 0.79282 0.00000
