initial: 6
0.72771 0.00000 0.08713 0.18516 0.00000 0.00000

transition: 6
0.30861 0.02624 0.46500 0.00392 0.00000 0.19623
0.00094 0.25520 0.72610 0.01777 0.00000 0.00000
0.00317 0.52912 0.16429 0.30341 0.00000 0.00001
0.00282 0.20375 0.00003 0.59167 0.00001 0.20172
0.10537 0.00000 0.00000 0.00000 0.51496 0.37967
0.00142 0.40478 0.00000 0.00000 0.30732 0.28648

observation: 6
0.99053 0.49224 0.28736 0.09270 0.00490 0.09661
0.00331 0.00801 0.42271 0.09832 0.10503 0.09392
0.00393 0.00929 0.20683 0.80895 0.09208 0.31346
0.00223 0.49045 0.08310 0.00003 0.01873 0.39649
0.00000 0.00000 0.00000 0.00000 0.00563 0.09952
0.00000 0.00000 0.00000 0.00000 0.77364 0.00000
