initial: 6
0.50775 0.49225 0.00000 0.00000 0.00000 0.00000

transition: 6
0.29168 0.50775 0.00699 0.19291 0.00000 0.00068
0.00116 0.50170 0.19875 0.00000 0.00000 0.29839
0.00206 0.00025 0.20315 0.78861 0.00001 0.00592
0.00013 0.00140 0.00446 0.28038 0.51352 0.20011
0.00000 0.00000 0.00000 0.00000 0.50079 0.49921
0.59898 0.00001 0.20659 0.19442 0.00000 0.00000

observation: 6
0.00010 0.29985 0.00181 0.10018 0.29869 0.09831
0.09988 0.39660 0.00000 0.10147 0.00000 0.10060
0.40448 0.19994 0.48983 0.29579 0.30233 0.00000
0.49554 0.10361 0.50638 0.40262 0.00000 0.00000
0.00000 0.00000 0.00198 0.09994 0.00000 0.80108
0.00000 0.00000 0.00000 0.00000 0.39898 0.00000
