initial: 6
0.73992 0.00002 0.07631 0.18375 0.00000 0.00000

transition: 6
0.29815 0.05086 0.47154 0.00649 0.00000 0.17297
0.21373 0.23199 0.54961 0.00466 0.00000 0.00001
0.00785 0.52237 0.15367 0.31534 0.00001 0.00076
0.00242 0.20567 0.00029 0.59408 0.00000 0.19754
0.10793 0.00000 0.00000 0.00000 0.50723 0.38484
0.00533 0.39456 0.00000 0.00000 0.31077 0.28934

observation: 6
0.68626 0.48708 0.28805 0.09800 0.00363 0.09529
0.00917 0.01430 0.41830 0.09596 0.10303 0.09279
0.30137 0.00207 0.20325 0.19525 0.09687 0.30601
0.00314 0.49654 0.08906 0.00000 0.00692 0.40571
0.00007 0.00001 0.00135 0.61079 0.00268 0.10020
0.00000 0.00000 0.00000 0.00000 0.78687 0.00000
