initial: 6
0.00000 0.11111 0.09097 0.21001 0.00000 0.58792

transition: 6
0.20279 0.22439 0.57281 0.00001 0.00000 0.00000
0.04938 0.29057 0.47785 0.01030 0.00000 0.17191
0.49775 0.00896 0.18557 0.30772 0.00000 0.00000
0.20046 0.00128 0.00142 0.59846 0.00000 0.19838
0.00000 0.10455 0.00000 0.00000 0.50538 0.39007
0.39885 0.00018 0.00000 0.00000 0.30609 0.29488

observation: 6
0.49269 0.68757 0.29291 0.10059 0.00149 0.09777
0.00312 0.00932 0.41043 0.09814 0.10185 0.09594
0.00001 0.29501 0.19744 0.19632 0.10009 0.30177
0.50417 0.00809 0.09880 0.00000 0.00527 0.40282
0.00000 0.00001 0.00041 0.60495 0.00204 0.10170
0.00000 0.00000 0.00000 0.00000 0.78926 0.00000
