initial: 6
0.00024 0.16086 0.05504 0.20777 0.00000 0.57608

transition: 6
0.15897 0.48475 0.35534 0.00019 0.00014 0.00061
0.14458 0.42144 0.26475 0.09290 0.00000 0.07632
0.54659 0.02743 0.07525 0.35040 0.00018 0.00016
0.19551 0.01429 0.00677 0.59209 0.00014 0.19120
0.00147 0.11090 0.00000 0.00000 0.52474 0.36288
0.40153 0.00622 0.00000 0.00000 0.32846 0.26379

observation: 6
0.46491 0.59299 0.17628 0.09950 0.01153 0.09566
0.00841 0.08536 0.53682 0.09293 0.09844 0.08720
0.00102 0.21459 0.19314 0.19306 0.10905 0.31591
0.52556 0.10699 0.08820 0.00000 0.01680 0.39683
0.00010 0.00007 0.00556 0.61452 0.00347 0.10440
0.00000 0.00000 0.00000 0.00000 0.76071 0.00000
