initial: 6
0.65944 0.06424 0.13392 0.14240 0.00000 0.00000

transition: 6
0.44747 0.43548 0.07909 0.00842 0.01339 0.01615
0.19043 0.54243 0.23600 0.02165 0.00364 0.00585
0.18122 0.12080 0.12994 0.53657 0.01194 0.01953
0.23431 0.11535 0.04800 0.49713 0.05434 0.05087
0.04809 0.01906 0.00238 0.00359 0.60977 0.31711
0.32210 0.05455 0.00434 0.00108 0.20911 0.40882

observation: 6
0.45026 0.44149 0.25442 0.04900 0.02658 0.04084
0.06737 0.18819 0.36574 0.03038 0.10966 0.05936
0.20069 0.08248 0.25542 0.16358 0.19761 0.20005
0.27935 0.28645 0.02645 0.02644 0.13232 0.29430
0.00233 0.00138 0.09797 0.73060 0.03001 0.04914
0.00000 0.00000 0.00000 0.00000 0.50382 0.35632
