initial: 6
0.50752 0.49248 0.00000 0.00000 0.00000 0.00000

transition: 6
0.29202 0.50824 0.00629 0.19324 0.00000 0.00020
0.00047 0.50209 0.19892 0.00000 0.00000 0.29852
0.00256 0.00014 0.20210 0.78863 0.00000 0.00657
0.00016 0.00083 0.00444 0.28215 0.51254 0.19988
0.00000 0.00000 0.00000 0.00000 0.50078 0.49922
0.59851 0.00000 0.20645 0.19504 0.00000 0.00000

observation: 6
0.00025 0.29975 0.00125 0.10009 0.29876 0.09840
0.09987 0.39656 0.00000 0.10143 0.00000 0.10062
0.40441 0.19998 0.49045 0.29591 0.30229 0.00000
0.49547 0.10371 0.50680 0.40262 0.00000 0.00000
0.00000 0.00000 0.00150 0.09995 0.00000 0.80098
0.00000 0.00000 0.00000 0.00000 0.39894 0.00000
