initial: 6
0.71950 0.00048 0.09177 0.18825 0.00000 0.00000

transition: 6
0.30893 0.00056 0.49391 0.00003 0.00000 0.19657
0.00104 0.19987 0.79882 0.00027 0.00000 0.00000
0.00011 0.49883 0.20206 0.29899 0.00000 0.00000
0.00000 0.20165 0.00001 0.59793 0.00000 0.20041
0.10495 0.00000 0.00000 0.00000 0.49702 0.39803
0.00001 0.39395 0.00000 0.00000 0.30039 0.30566

observation: 6
0.99548 0.49876 0.29762 0.09844 0.00010 0.09896
0.00248 0.00001 0.39955 0.09978 0.10419 0.09748
0.00205 0.00167 0.20115 0.80178 0.09066 0.30873
0.00000 0.49948 0.10164 0.00000 0.00336 0.39594
0.00000 0.00009 0.00004 0.00000 0.00207 0.09889
0.00000 0.00000 0.00000 0.00000 0.79962 0.00000
