initial: 6
0.17835 0.05422 0.19327 0.33925 0.15488 0.08003

transition: 6
0.46946 0.40091 0.05732 0.03492 0.01506 0.02233
0.18991 0.49242 0.23336 0.04979 0.01361 0.02091
0.15719 0.12695 0.31749 0.31778 0.03972 0.04087
0.12689 0.09924 0.11073 0.42599 0.18536 0.05179
0.06575 0.04813 0.04071 0.05088 0.47473 0.31979
0.28401 0.07048 0.04088 0.03894 0.17107 0.39462

observation: 6
0.44787 0.50182 0.20852 0.09212 0.04765 0.10027
0.12403 0.17583 0.21976 0.11339 0.06503 0.07196
0.11925 0.10985 0.19733 0.18951 0.23628 0.22439
0.30216 0.20301 0.15514 0.12297 0.15957 0.28343
0.00643 0.00946 0.21915 0.48058 0.15630 0.04774
0.00025 0.00003 0.00011 0.00143 0.33517 0.27221
