initial: 6
0.49465 0.50535 0.00000 0.00000 0.00000 0.00000

transition: 6
0.23130 0.40909 0.03588 0.31313 0.00681 0.00379
0.02708 0.48309 0.21638 0.00627 0.01011 0.25706
0.06328 0.01964 0.15225 0.74422 0.01464 0.00597
0.00386 0.02930 0.02294 0.25584 0.51205 0.17601
0.00000 0.00022 0.00000 0.00000 0.50384 0.49594
0.82552 0.00082 0.00969 0.16286 0.00110 0.00000

observation: 6
0.00102 0.30003 0.03074 0.08569 0.30260 0.09359
0.07625 0.40645 0.01660 0.09044 0.00020 0.09592
0.42373 0.19377 0.41973 0.29977 0.30179 0.00000
0.49900 0.09963 0.41371 0.42288 0.00000 0.00000
0.00000 0.00013 0.11922 0.10121 0.00068 0.81048
0.00000 0.00000 0.00000 0.00000 0.39473 0.00000
