initial: 6
0.71863 0.00261 0.09130 0.18746 0.00000 0.00000

transition: 6
0.29577 0.00927 0.50525 0.00057 0.00000 0.18914
0.19938 0.20172 0.59856 0.00003 0.00030 0.00001
0.00286 0.49671 0.20020 0.30018 0.00000 0.00005
0.00007 0.20208 0.00031 0.59756 0.00000 0.19998
0.10739 0.00000 0.00000 0.00000 0.50069 0.39192
0.00034 0.39463 0.00000 0.00000 0.30421 0.30082

observation: 6
0.69567 0.49788 0.30211 0.10014 0.00012 0.09751
0.00143 0.00089 0.39874 0.09931 0.10273 0.09738
0.30290 0.00021 0.20037 0.19616 0.09778 0.30224
0.00000 0.50102 0.09866 0.00000 0.00134 0.40377
0.00000 0.00000 0.00012 0.60439 0.00292 0.09910
0.00000 0.00000 0.00000 0.00000 0.79510 0.00000
