initial: 6
0.00000 0.10677 0.09416 0.21012 0.00000 0.58895

transition: 6
0.20300 0.21216 0.58484 0.00000 0.00000 0.00000
0.03016 0.28774 0.49719 0.00343 0.00000 0.18148
0.49623 0.00740 0.19157 0.30479 0.00000 0.00000
0.20036 0.00070 0.00126 0.59858 0.00000 0.19910
0.00000 0.10329 0.00000 0.00000 0.50403 0.39269
0.39834 0.00009 0.00000 0.00000 0.30445 0.29711

observation: 6
0.49399 0.69377 0.29834 0.10047 0.00053 0.09881
0.00248 0.00499 0.40421 0.09868 0.10247 0.09595
0.00001 0.29737 0.19900 0.19635 0.09926 0.30147
0.50352 0.00387 0.09817 0.00000 0.00450 0.40242
0.00000 0.00000 0.00029 0.60451 0.00208 0.10135
0.00000 0.00000 0.00000 0.00000 0.79116 0.00000
