initial: 6
0.71959 0.00053 0.09168 0.18821 0.00000 0.00000

transition: 6
0.30879 0.00115 0.49317 0.00023 0.00000 0.19665
0.00085 0.20070 0.79744 0.00101 0.00000 0.00000
0.00033 0.49943 0.20145 0.29879 0.00000 0.00000
0.00001 0.20166 0.00001 0.59776 0.00000 0.20056
0.10495 0.00000 0.00000 0.00000 0.49833 0.39672
0.00003 0.39473 0.00000 0.00000 0.30080 0.30444

observation: 6
0.99543 0.49851 0.29766 0.09830 0.00037 0.09895
0.00246 0.00011 0.40003 0.09973 0.10420 0.09740
0.00211 0.00204 0.20087 0.80197 0.09087 0.30898
0.00000 0.49928 0.10139 0.00000 0.00460 0.39581
0.00000 0.00007 0.00005 0.00000 0.00236 0.09887
0.00000 0.00000 0.00000 0.00000 0.79760 0.00000
